1.881374001502990723e+00
4.833081364631652832e-01
3.200271844863891602e+00
-1.338203430175781250e+00
2.223017215728759766e+00
1.114892601966857910e+00
4.560271263122558594e+00
1.074077010154724121e+00
-1.530509471893310547e+00
2.991581678390502930e+00
1.869577407836914062e+00
3.973965644836425781e+00
2.325092077255249023e+00
4.366922378540039062e+00
-6.883775591850280762e-01
4.404247283935546875e+00
2.194391250610351562e+00
-2.020399332046508789e+00
-6.123530268669128418e-01
-4.466340065002441406e+00
3.973584175109863281e+00
5.913516283035278320e-01
-2.698890447616577148e+00
4.101306438446044922e+00
1.776604913175106049e-02
-3.938906192779541016e+00
3.748521566390991211e+00
1.309470891952514648e+00
-4.019381105899810791e-01
1.708411693572998047e+00
