-4.380100250244140625e+00
1.466280937194824219e+00
5.988502502441406250e-01
1.621574759483337402e+00
4.359708309173583984e+00
4.325594902038574219e+00
2.121872901916503906e+00
2.584994554519653320e+00
2.160290718078613281e+00
2.633065462112426758e+00
1.805589795112609863e+00
1.945194602012634277e+00
-1.809077143669128418e+00
-3.416110277175903320e+00
4.999140739440917969e+00
-4.151813983917236328e+00
8.538658618927001953e-01
2.314495325088500977e+00
4.208166122436523438e+00
-4.510608196258544922e+00
4.842524528503417969e+00
-9.000837206840515137e-01
-9.631345272064208984e-01
-8.564816713333129883e-01
4.651814937591552734e+00
9.568836092948913574e-01
-1.861014604568481445e+00
-3.987860679626464844e+00
-3.925045967102050781e+00
3.907290220260620117e+00
