2.049147129058837891e+00
4.008707046508789062e+00
4.238607883453369141e+00
-5.224153399467468262e-01
3.050909757614135742e+00
4.682960510253906250e+00
-3.656077623367309570e+00
2.839173316955566406e+00
-1.567597627639770508e+00
8.573037385940551758e-01
-1.814418315887451172e+00
-4.916470527648925781e+00
-3.146599292755126953e+00
3.441090106964111328e+00
3.162810087203979492e+00
3.063882589340209961e+00
1.719831079244613647e-01
2.787302017211914062e+00
2.462668418884277344e+00
3.029151916503906250e+00
8.817943930625915527e-01
2.730154275894165039e+00
4.892581939697265625e+00
4.783250331878662109e+00
-1.747514486312866211e+00
2.135126352310180664e+00
-1.451936244964599609e+00
-4.414558410644531250e+00
-2.008304357528686523e+00
-1.436192840337753296e-01
