-4.409633159637451172e+00
3.695096015930175781e+00
-1.915475130081176758e+00
-2.882158279418945312e+00
-4.656548976898193359e+00
-4.256753921508789062e+00
3.633609294891357422e+00
2.535909891128540039e+00
1.102762579917907715e+00
-4.491053104400634766e+00
-2.462378978729248047e+00
-4.935744285583496094e+00
3.888400793075561523e+00
4.949657440185546875e+00
2.437796592712402344e+00
1.574645340442657471e-01
-2.927162885665893555e+00
2.163919925689697266e+00
2.822787523269653320e+00
-2.784229040145874023e+00
3.321423053741455078e+00
2.677002191543579102e+00
2.551613330841064453e+00
-2.994749069213867188e+00
-1.961701393127441406e+00
1.569241404533386230e+00
9.616662263870239258e-01
-2.288718700408935547e+00
-1.397427201271057129e+00
8.492184281349182129e-01
