3.945499181747436523e+00
3.752269744873046875e+00
-4.638029098510742188e+00
3.776685476303100586e+00
1.222660303115844727e+00
3.651071310043334961e+00
4.752062797546386719e+00
-1.311127424240112305e+00
2.167862653732299805e+00
3.286110639572143555e+00
-9.740392565727233887e-01
4.025602340698242188e+00
1.429295301437377930e+00
1.234706640243530273e+00
4.031496524810791016e+00
-1.064108729362487793e+00
2.856752634048461914e+00
3.821184396743774414e+00
-4.210739135742187500e+00
1.281420111656188965e+00
-1.422249197959899902e+00
-1.146992325782775879e+00
3.675265312194824219e+00
-1.988425970077514648e+00
4.612905979156494141e+00
3.759535074234008789e+00
2.051970481872558594e+00
4.507532119750976562e+00
3.769999504089355469e+00
-3.756146192550659180e+00
