-1.000627875328063965e+00
-4.376762390136718750e+00
1.102722287178039551e+00
5.522044301033020020e-01
3.197256326675415039e+00
3.696166038513183594e+00
1.512156605720520020e+00
-2.955838441848754883e+00
1.254162192344665527e+00
1.710317730903625488e+00
-3.652610063552856445e+00
-1.322188854217529297e+00
1.969295859336853027e+00
3.798596858978271484e+00
-9.964821338653564453e-01
-3.174008131027221680e+00
-2.085859298706054688e+00
-3.321212768554687500e+00
-1.904166936874389648e+00
4.167099952697753906e+00
-4.493362903594970703e+00
4.904116630554199219e+00
4.174574851989746094e+00
-7.077966332435607910e-01
1.862348794937133789e+00
-4.901810288429260254e-01
-1.395287275314331055e+00
-1.904110193252563477e+00
-2.111708879470825195e+00
1.857594609260559082e+00
