-7.468034625053405762e-01
-4.877776622772216797e+00
-3.188247203826904297e+00
-1.517585515975952148e+00
3.154539823532104492e+00
-6.299913525581359863e-01
-3.787528514862060547e+00
-1.410164713859558105e+00
-1.778057217597961426e+00
3.631880998611450195e+00
-2.775886058807373047e-01
3.444355010986328125e+00
-2.037961244583129883e+00
-4.381066799163818359e+00
-2.761242389678955078e+00
-1.475888848304748535e+00
4.741239547729492188e+00
7.566315531730651855e-01
3.893673419952392578e+00
-1.990543007850646973e-01
1.019424796104431152e+00
2.716149568557739258e+00
-6.564072966575622559e-01
-2.297172069549560547e+00
-3.045670986175537109e+00
5.460044741630554199e-01
4.908100128173828125e+00
-3.843232154846191406e+00
-3.003560304641723633e+00
1.364328384399414062e+00
