-2.301604986190795898e+00
-2.178136348724365234e+00
4.837660789489746094e+00
4.409797191619873047e+00
-1.273356795310974121e+00
2.606561422348022461e+00
2.166797876358032227e+00
8.789553642272949219e-01
8.826723694801330566e-01
-3.495237112045288086e+00
4.419848620891571045e-01
3.386862993240356445e+00
3.422090768814086914e+00
4.639383316040039062e+00
1.263370871543884277e+00
-3.530976057052612305e+00
-1.758477807044982910e+00
-3.586361646652221680e+00
-2.218296289443969727e+00
-3.067977905273437500e+00
2.983772993087768555e+00
1.289054989814758301e+00
-2.122467756271362305e+00
-3.126011610031127930e+00
-8.486521840095520020e-01
2.522177934646606445e+00
-4.298134326934814453e+00
-1.465838074684143066e+00
-1.233898103237152100e-01
2.761713266372680664e+00
