-4.630869925022125244e-01
1.636585593223571777e+00
-4.811728477478027344e+00
-1.237652659416198730e+00
-2.800136327743530273e+00
-2.936426103115081787e-01
4.703584194183349609e+00
-3.232942819595336914e+00
-2.943505764007568359e+00
1.038686871528625488e+00
1.144762039184570312e+00
1.254938483238220215e+00
3.770935058593750000e+00
3.464737892150878906e+00
8.394310474395751953e-01
1.234851121902465820e+00
-2.690424323081970215e-01
-1.841863393783569336e+00
3.115694046020507812e+00
2.555047512054443359e+00
-4.083698749542236328e+00
-2.530595779418945312e+00
-4.098467826843261719e+00
-7.813524603843688965e-01
2.805027008056640625e+00
2.927285671234130859e+00
3.840645313262939453e+00
-4.169777393341064453e+00
4.459672451019287109e+00
-1.540320396423339844e+00
