-2.559617042541503906e+00
2.224550724029541016e+00
4.880509376525878906e+00
-1.586411833763122559e+00
2.993612527847290039e+00
2.373445510864257812e+00
5.950602293014526367e-01
-4.976950168609619141e+00
-4.989116668701171875e+00
-1.127391934394836426e+00
-1.643421500921249390e-01
-4.241296947002410889e-01
-2.937030792236328125e+00
3.937554359436035156e+00
-3.913871288299560547e+00
-4.055284500122070312e+00
1.575082421302795410e+00
-9.439491033554077148e-01
1.978716492652893066e+00
-2.054296016693115234e+00
4.873819828033447266e+00
-2.665405750274658203e+00
3.219981670379638672e+00
-1.913630962371826172e+00
-3.022891044616699219e+00
-4.928595066070556641e+00
-2.549237966537475586e+00
1.358087897300720215e+00
-1.348688006401062012e+00
1.246096968650817871e+00
