-3.672290563583374023e+00
3.217872381210327148e+00
3.934510946273803711e+00
-1.507725834846496582e+00
4.794343471527099609e+00
-1.576022744178771973e+00
-4.064093589782714844e+00
9.969961643218994141e-02
1.441560506820678711e+00
-4.876608848571777344e+00
-5.031793117523193359e-01
-1.318111270666122437e-01
3.894746065139770508e+00
-1.792500019073486328e-01
-2.529590845108032227e+00
-2.758300065994262695e+00
2.527615785598754883e+00
3.794942378997802734e+00
-1.921221852302551270e+00
-1.011932969093322754e+00
-4.967506885528564453e+00
-4.821904659271240234e+00
-4.801197528839111328e+00
4.284644603729248047e+00
-1.551612973213195801e+00
4.246084690093994141e+00
1.497785806655883789e+00
-4.645339488983154297e+00
3.770926713943481445e+00
-1.411490321159362793e+00
