3.473075151443481445e+00
1.403970718383789062e+00
1.752570629119873047e+00
1.265482664108276367e+00
1.838152170181274414e+00
3.326911926269531250e-01
2.156163156032562256e-01
4.844278335571289062e+00
3.365796089172363281e+00
4.161638736724853516e+00
5.136014223098754883e-01
-2.488778591156005859e+00
-4.046449184417724609e+00
-3.477809190750122070e+00
2.565075397491455078e+00
3.179753780364990234e+00
6.971291899681091309e-01
-4.908055782318115234e+00
2.386634349822998047e+00
-3.670245409011840820e+00
-4.449482917785644531e+00
3.493072032928466797e+00
-2.245253086090087891e+00
-1.911815643310546875e+00
2.779581785202026367e+00
-1.286658167839050293e+00
-4.035976886749267578e+00
-1.936183094978332520e+00
-4.140256881713867188e+00
3.335310459136962891e+00
