3.456306695938110352e+00
1.554952025413513184e+00
-2.901141405105590820e+00
8.212974071502685547e-01
9.332277774810791016e-01
2.297088146209716797e+00
3.542523622512817383e+00
1.000134944915771484e+00
1.946266055107116699e+00
2.548381984233856201e-01
-4.119416713714599609e+00
4.840704917907714844e+00
2.628298997879028320e+00
1.928735017776489258e+00
-9.526806473731994629e-01
-3.846834421157836914e+00
8.719308972358703613e-01
2.453636646270751953e+00
2.646238207817077637e-01
-1.308468222618103027e+00
-4.621939182281494141e+00
-4.775425434112548828e+00
-4.114914417266845703e+00
-2.350791692733764648e+00
-4.655471801757812500e+00
1.189648628234863281e+00
-3.091243505477905273e+00
4.358173370361328125e+00
-1.648577928543090820e+00
-5.792881846427917480e-01
