2.837799787521362305e+00
-1.594036817550659180e+00
2.478214204311370850e-01
-1.883330821990966797e+00
3.231988430023193359e+00
3.073539257049560547e+00
1.585198998451232910e+00
3.187576830387115479e-01
2.584900379180908203e+00
4.191597998142242432e-01
-9.207175970077514648e-01
1.972250342369079590e+00
-4.921337604522705078e+00
-9.802135229110717773e-01
-4.692926883697509766e+00
2.041980981826782227e+00
-4.445823669433593750e+00
-3.048547983169555664e+00
-4.710988521575927734e+00
4.650191307067871094e+00
2.375036239624023438e+00
4.991173267364501953e+00
-3.553879737854003906e+00
-4.330136299133300781e+00
-1.592206358909606934e-01
1.848846435546875000e+00
-4.714904725551605225e-01
-3.135277986526489258e+00
-4.843325614929199219e+00
-3.546455860137939453e+00
