-2.553614616394042969e+00
-4.243927001953125000e+00
1.496943950653076172e+00
3.974486589431762695e+00
1.281628727912902832e+00
9.167944788932800293e-01
-1.426429152488708496e-01
4.288593769073486328e+00
3.188030958175659180e+00
-3.352238893508911133e+00
4.053277015686035156e+00
-1.788123846054077148e+00
1.010966777801513672e+00
-1.269537806510925293e+00
-3.720513820648193359e+00
-1.071760654449462891e+00
-3.871333837509155273e+00
-1.484562993049621582e+00
-2.241034060716629028e-01
-4.139293670654296875e+00
2.422946453094482422e+00
7.892779707908630371e-01
2.371499061584472656e+00
-4.653928279876708984e-01
-2.769584894180297852e+00
6.246908903121948242e-01
-6.510713696479797363e-01
5.413925051689147949e-01
1.074664592742919922e+00
-2.187120437622070312e+00
