1.532579660415649414e+00
-2.469802141189575195e+00
3.937699079513549805e+00
4.732531547546386719e+00
-4.457214355468750000e+00
1.314861297607421875e+00
-1.188539505004882812e+00
-4.511796951293945312e+00
4.461635351181030273e-01
-1.111120939254760742e+00
-4.990746021270751953e+00
-8.742869496345520020e-01
3.543996810913085938e+00
2.445343971252441406e+00
1.478588104248046875e+00
-2.567749500274658203e+00
-7.024093866348266602e-01
2.611078500747680664e+00
3.464316368103027344e+00
3.191141128540039062e+00
4.367188930511474609e+00
4.009619712829589844e+00
2.285083055496215820e+00
1.993278503417968750e+00
4.420663356781005859e+00
-4.467435359954833984e+00
-4.359035491943359375e+00
4.554959774017333984e+00
-3.039310693740844727e+00
-2.351480484008789062e+00
