-4.935713291168212891e+00
-3.350017309188842773e+00
-2.541663885116577148e+00
-2.368166685104370117e+00
-3.493689775466918945e+00
4.041305065155029297e+00
-4.142661690711975098e-01
3.929510593414306641e+00
1.970261812210083008e+00
3.893323183059692383e+00
3.053121566772460938e+00
-4.038402557373046875e+00
5.345930457115173340e-01
2.955665349960327148e+00
-2.305909872055053711e+00
-3.423290491104125977e+00
5.254346728324890137e-01
-3.227260589599609375e+00
4.243968009948730469e+00
-2.609448909759521484e+00
-1.059139966964721680e+00
4.383193016052246094e+00
1.946515798568725586e+00
-3.383819341659545898e+00
3.222021818161010742e+00
1.703713297843933105e+00
-1.123014569282531738e+00
-5.784375667572021484e-01
-4.291573047637939453e+00
-2.035154342651367188e+00
