2.885140657424926758e+00
3.804947137832641602e+00
3.758833646774291992e+00
3.351494371891021729e-01
-2.884890139102935791e-01
4.949869155883789062e+00
-2.970407247543334961e+00
3.326457738876342773e+00
-1.764705538749694824e+00
4.515184402465820312e+00
-1.349405765533447266e+00
-3.038520574569702148e+00
-4.245919704437255859e+00
-3.318496227264404297e+00
-5.918146371841430664e-01
-3.501754283905029297e+00
3.026790618896484375e+00
3.305208206176757812e+00
3.715389728546142578e+00
4.339692115783691406e+00
-3.199058532714843750e+00
3.404034852981567383e+00
-3.239664077758789062e+00
4.015618801116943359e+00
-4.768983840942382812e+00
4.310570240020751953e+00
-1.673054456710815430e+00
-4.092142581939697266e+00
-1.046202898025512695e+00
-4.055606842041015625e+00
