2.494804859161376953e+00
-1.269437432289123535e+00
2.635442256927490234e+00
4.036459922790527344e+00
-2.356903314590454102e+00
-3.661956310272216797e+00
-4.805052280426025391e+00
4.144699096679687500e+00
-4.394845485687255859e+00
-2.624176979064941406e+00
3.088544845581054688e+00
-3.592440128326416016e+00
2.531285047531127930e+00
3.074995040893554688e+00
7.491279244422912598e-01
-1.795320630073547363e+00
2.408630132675170898e+00
2.589426636695861816e-01
2.494262695312500000e+00
-1.592020243406295776e-01
2.854872465133666992e+00
-3.893349409103393555e+00
2.357688903808593750e+00
-3.587428331375122070e+00
-4.578011035919189453e+00
2.105502367019653320e+00
9.698463678359985352e-01
3.028575658798217773e+00
4.228668689727783203e+00
-4.775137603282928467e-01
