-1.727107524871826172e+00
-8.300452828407287598e-01
-4.025909423828125000e+00
2.185262680053710938e+00
-2.755432605743408203e+00
-3.669244766235351562e+00
-6.384028494358062744e-02
3.535154581069946289e+00
-4.551003932952880859e+00
-2.299520015716552734e+00
3.979106903076171875e+00
4.107430934906005859e+00
-2.597879171371459961e+00
4.004305839538574219e+00
4.221843555569648743e-02
-4.618746280670166016e+00
9.338620305061340332e-01
1.588575392961502075e-01
-6.757939457893371582e-01
2.644608736038208008e+00
-4.221756458282470703e+00
4.184130668640136719e+00
1.751324415206909180e+00
-2.412292957305908203e+00
1.902988791465759277e+00
4.164646625518798828e+00
7.575373053550720215e-01
2.841352820396423340e-01
8.440293073654174805e-01
-2.727842807769775391e+00
