-3.319482326507568359e+00
-4.375662803649902344e+00
-3.161858558654785156e+00
-2.107589244842529297e+00
3.200281858444213867e+00
1.961988091468811035e+00
4.992657184600830078e+00
-3.209397554397583008e+00
1.400006294250488281e+00
3.501104414463043213e-01
-2.828282117843627930e+00
-5.172833204269409180e-01
-4.885326385498046875e+00
-2.533224582672119141e+00
4.155256748199462891e+00
2.846723318099975586e+00
3.530711889266967773e+00
1.894898772239685059e+00
1.047096610069274902e+00
4.304295063018798828e+00
-2.986152410507202148e+00
6.696940958499908447e-02
4.848535537719726562e+00
1.032274007797241211e+00
-1.645702958106994629e+00
2.175216436386108398e+00
2.342107445001602173e-01
-4.039923667907714844e+00
1.968554615974426270e+00
1.258228302001953125e+00
