-1.749917268753051758e-01
-2.357949256896972656e+00
1.905467391014099121e+00
-4.385835647583007812e+00
-1.405490636825561523e+00
3.108998537063598633e+00
-1.271177172660827637e+00
2.676493883132934570e+00
-1.458712339401245117e+00
2.884537458419799805e+00
3.454495668411254883e+00
1.424661159515380859e+00
4.245163917541503906e+00
4.322376251220703125e+00
1.608474016189575195e+00
-3.215539455413818359e+00
-1.266206741333007812e+00
4.478816032409667969e+00
-2.975430250167846680e+00
-2.521234273910522461e+00
-3.379104375839233398e+00
6.451835036277770996e-01
-3.149714708328247070e+00
-3.669146776199340820e+00
4.587689399719238281e+00
4.870343685150146484e+00
-1.446150660514831543e+00
6.419466137886047363e-01
4.817572116851806641e+00
2.001138210296630859e+00
