-4.880836486816406250e+00
-4.737755775451660156e+00
4.730720520019531250e+00
7.418866157531738281e-01
8.539496660232543945e-01
1.165932059288024902e+00
3.345339298248291016e+00
4.562710285186767578e+00
-4.250793457031250000e+00
2.941513061523437500e+00
1.195514917373657227e+00
-2.054271221160888672e+00
4.040660858154296875e+00
-4.875268459320068359e+00
1.083638906478881836e+00
-2.014098644256591797e+00
-3.526341438293457031e+00
4.775085151195526123e-01
4.922444343566894531e+00
8.041779994964599609e-01
-6.762054562568664551e-01
1.647477269172668457e+00
-1.275501251220703125e+00
4.753691196441650391e+00
1.423924565315246582e+00
-3.183763027191162109e+00
-4.029199600219726562e+00
3.889145374298095703e+00
2.070312976837158203e+00
3.266321659088134766e+00
