-1.835797905921936035e+00
-2.466356992721557617e+00
-4.291064739227294922e-01
2.505822181701660156e-01
7.555581331253051758e-01
2.908605813980102539e+00
3.918892145156860352e+00
7.708956599235534668e-01
4.428440093994140625e+00
-1.456206321716308594e+00
-1.172746658325195312e+00
-4.262375831604003906e+00
2.313211679458618164e+00
3.777734756469726562e+00
1.055808067321777344e+00
4.007247447967529297e+00
4.416161477565765381e-01
-2.301698446273803711e+00
-3.406772851943969727e+00
-2.364590167999267578e+00
-2.229269981384277344e+00
-2.155533552169799805e+00
4.378160953521728516e+00
-1.557012319564819336e+00
3.244839191436767578e+00
-1.058332324028015137e+00
2.940380573272705078e+00
-4.741538524627685547e+00
-3.473193645477294922e+00
3.741241931915283203e+00
