2.634817123413085938e+00
-1.534733533859252930e+00
1.752986907958984375e+00
-1.428304195404052734e+00
5.958144068717956543e-01
4.034760475158691406e+00
2.528119802474975586e+00
1.128003001213073730e+00
-2.725320577621459961e+00
-2.808531999588012695e+00
-7.965400218963623047e-01
2.901158571243286133e+00
-3.757673025131225586e+00
3.534978628158569336e+00
4.368443012237548828e+00
1.039215445518493652e+00
4.318245410919189453e+00
1.131040096282958984e+00
3.413567304611206055e+00
-4.579548835754394531e+00
-2.381528262048959732e-03
-1.056622385978698730e+00
-1.536357402801513672e+00
2.029013931751251221e-01
1.174540162086486816e+00
-4.415238380432128906e+00
-3.209274113178253174e-01
-1.305051088333129883e+00
-3.122782230377197266e+00
-2.927087545394897461e+00
