9.564603567123413086e-01
3.087330102920532227e+00
3.209975481033325195e+00
4.670388221740722656e+00
4.018568992614746094e+00
-4.367038249969482422e+00
4.455743312835693359e+00
-2.857568740844726562e+00
3.005641222000122070e+00
2.800005435943603516e+00
3.044002056121826172e+00
-1.464168131351470947e-01
3.894203901290893555e+00
2.690550565719604492e+00
-9.205691218376159668e-01
-2.654880881309509277e-01
3.761583566665649414e+00
2.703670978546142578e+00
4.336487293243408203e+00
3.796191692352294922e+00
4.978367328643798828e+00
2.012559175491333008e+00
-2.962287664413452148e-01
3.803531408309936523e+00
-4.850231170654296875e+00
1.841232180595397949e+00
1.437932729721069336e+00
1.785493969917297363e+00
-4.033565521240234375e+00
1.764989733695983887e+00
