-4.041681766510009766e+00
-2.026162385940551758e+00
4.204110622406005859e+00
2.415440320968627930e+00
4.549438476562500000e+00
4.333913803100585938e+00
4.713115692138671875e+00
-1.520117640495300293e+00
-9.718756079673767090e-01
-3.173274755477905273e+00
4.523878097534179688e+00
-3.146930217742919922e+00
1.650360345840454102e+00
-2.483445882797241211e+00
-1.944277763366699219e+00
-4.375489056110382080e-01
-1.009470582008361816e+00
1.245292544364929199e+00
-4.317710876464843750e+00
2.336177825927734375e+00
1.079504728317260742e+00
4.785187721252441406e+00
4.014008045196533203e+00
-6.089275479316711426e-01
-1.199942111968994141e+00
-2.963889837265014648e+00
-1.324298262596130371e+00
6.362168192863464355e-01
3.634746551513671875e+00
-4.695147037506103516e+00
