-2.889350414276123047e+00
2.360602140426635742e+00
4.326476454734802246e-01
1.048065066337585449e+00
-2.501339197158813477e+00
1.464222520589828491e-01
-3.975766599178314209e-01
1.706423997879028320e+00
3.964577674865722656e+00
4.162478446960449219e+00
-1.738214373588562012e+00
2.672715187072753906e+00
-4.769981384277343750e+00
1.674640655517578125e+00
2.112052679061889648e+00
-1.572368621826171875e+00
-3.221437335014343262e-01
1.000590085983276367e+00
-3.360408782958984375e+00
3.210028409957885742e+00
-4.302479743957519531e+00
1.267253041267395020e+00
3.389253914356231689e-01
-4.671374320983886719e+00
2.660091161727905273e+00
-2.259826421737670898e+00
-1.679811000823974609e+00
-2.146377086639404297e+00
8.990091085433959961e-01
-4.762255191802978516e+00
