2.476259708404541016e+00
-1.562979936599731445e+00
-1.555637240409851074e+00
-2.697986602783203125e+00
-1.767250895500183105e-01
-2.127979755401611328e+00
3.199928104877471924e-01
4.547607898712158203e+00
-4.539345741271972656e+00
1.539375662803649902e+00
8.879513740539550781e-01
3.255289554595947266e+00
3.581993103027343750e+00
3.365975856781005859e+00
1.656216859817504883e+00
4.583259582519531250e+00
-2.835448980331420898e-01
2.292464017868041992e+00
1.750062257051467896e-01
-2.528804540634155273e+00
-3.810418367385864258e+00
-2.900786399841308594e+00
1.281689524650573730e+00
6.102642416954040527e-01
-1.501289486885070801e+00
2.237046480178833008e+00
-4.758728981018066406e+00
4.312342643737792969e+00
-4.694750308990478516e+00
3.335469722747802734e+00
