-3.056132316589355469e+00
2.237838745117187500e+00
-1.212372660636901855e+00
1.632842779159545898e+00
2.348323106765747070e+00
4.898781776428222656e+00
-2.380816698074340820e+00
2.649119615554809570e+00
-2.132144689559936523e+00
-1.224523425102233887e+00
4.422404289245605469e+00
3.992312669754028320e+00
-4.158570289611816406e+00
-2.351771116256713867e+00
-2.479386806488037109e+00
8.223121166229248047e-01
-1.190143108367919922e+00
7.073467969894409180e-01
4.672039449214935303e-01
3.578969240188598633e+00
-4.737662971019744873e-01
2.991490125656127930e+00
-4.142088413238525391e+00
1.943386793136596680e+00
2.396773099899291992e+00
2.206145048141479492e+00
-2.391112565994262695e+00
1.913905143737792969e-01
2.173326015472412109e+00
-2.291276216506958008e+00
