-2.972451448440551758e+00
2.367990732192993164e+00
2.039569139480590820e+00
-1.502002358436584473e+00
-4.013041496276855469e+00
1.411803960800170898e-01
4.701727390289306641e+00
2.566005468368530273e+00
3.833365917205810547e+00
2.844877481460571289e+00
4.109518527984619141e+00
3.783305644989013672e+00
-3.367289781570434570e+00
-1.467956781387329102e+00
1.949948549270629883e+00
-2.554376602172851562e+00
1.604604125022888184e+00
7.871720790863037109e-01
1.082214832305908203e+00
4.517328262329101562e+00
-4.718335628509521484e+00
3.810523986816406250e+00
4.589756011962890625e+00
-4.649502277374267578e+00
-4.698424816131591797e+00
-3.794198751449584961e+00
-6.837483644485473633e-01
2.514266967773437500e+00
4.294070720672607422e+00
6.228044629096984863e-01
