1.371676445007324219e+00
3.815643787384033203e+00
1.781118750572204590e+00
4.089840888977050781e+00
2.800236225128173828e+00
-4.837721824645996094e+00
-1.789943337440490723e+00
4.679378032684326172e+00
-1.249709248542785645e+00
-1.113684177398681641e+00
3.621216535568237305e+00
-4.020944118499755859e+00
4.164572715759277344e+00
1.993275642395019531e+00
-1.368945240974426270e+00
3.763720989227294922e-01
1.016013383865356445e+00
2.091859340667724609e+00
3.505542993545532227e+00
1.176524877548217773e+00
-2.731279611587524414e+00
3.099074773490428925e-02
4.713438034057617188e+00
2.175900191068649292e-01
-2.157327413558959961e+00
-1.472868084907531738e+00
-3.171915769577026367e+00
-3.421029567718505859e+00
-1.085576772689819336e+00
1.122022151947021484e+00
