-6.836551427841186523e-01
-4.719775199890136719e+00
2.004622220993041992e+00
-4.683982372283935547e+00
-4.085028171539306641e+00
4.267488121986389160e-01
-6.898416876792907715e-01
1.710138082504272461e+00
-3.908745050430297852e+00
-1.569228768348693848e+00
-4.912130355834960938e+00
2.289664745330810547e+00
3.730825185775756836e+00
3.667507469654083252e-01
-2.657767772674560547e+00
-3.697541713714599609e+00
-7.389265298843383789e-01
2.769647836685180664e+00
-5.641630291938781738e-01
8.971137404441833496e-01
4.878863334655761719e+00
-4.678325653076171875e+00
-3.565880060195922852e+00
-1.330499887466430664e+00
-2.064231336116790771e-01
-4.478506565093994141e+00
-7.174072861671447754e-01
7.209678292274475098e-01
3.310056030750274658e-01
-1.483280420303344727e+00
