4.057440280914306641e+00
4.189812660217285156e+00
2.260523319244384766e+00
2.073555469512939453e+00
5.441594123840332031e-01
4.163226485252380371e-01
-3.613282680511474609e+00
2.127602815628051758e+00
-3.931215524673461914e+00
9.579746723175048828e-01
4.963493347167968750e+00
-2.057788848876953125e+00
4.435141563415527344e+00
3.933097362518310547e+00
3.093202114105224609e+00
3.008933663368225098e-01
-1.865739822387695312e+00
-3.820202827453613281e+00
2.098093509674072266e+00
2.118653535842895508e+00
9.628501534461975098e-01
-2.938174605369567871e-01
3.604239940643310547e+00
-4.864198207855224609e+00
2.902304649353027344e+00
-2.273326635360717773e+00
1.541342496871948242e+00
-4.897656440734863281e+00
6.427794694900512695e-01
-3.883889675140380859e+00
