-1.442670583724975586e+00
1.605033397674560547e+00
-2.690005064010620117e+00
-4.505533695220947266e+00
3.775500953197479248e-01
3.164695739746093750e+00
-2.657285690307617188e+00
-1.751878499984741211e+00
3.049762725830078125e+00
2.657845497131347656e+00
4.638188362121582031e+00
3.009581327438354492e+00
1.001322150230407715e+00
-3.972729444503784180e+00
2.877841472625732422e+00
3.239820241928100586e+00
-2.676927804946899414e+00
-1.794594645500183105e+00
2.187318325042724609e+00
4.105236053466796875e+00
4.059161186218261719e+00
3.668435215950012207e-01
1.148069277405738831e-01
3.118571043014526367e+00
-2.472966670989990234e+00
-4.374050140380859375e+00
-3.423163890838623047e+00
-2.823158264160156250e+00
1.053246617317199707e+00
6.740124225616455078e-01
