-2.513616323471069336e+00
1.348449945449829102e+00
-2.445379793643951416e-01
3.561713218688964844e+00
-3.772677659988403320e+00
2.681045770645141602e+00
-8.947532176971435547e-01
1.884962797164916992e+00
-3.690197229385375977e+00
6.314091086387634277e-01
2.602893352508544922e+00
2.523877918720245361e-01
1.512550354003906250e+00
-1.808296680450439453e+00
2.061420440673828125e+00
-4.881912708282470703e+00
2.289671182632446289e+00
-4.818372726440429688e+00
3.884668111801147461e+00
1.487315058708190918e+00
-2.164530277252197266e+00
3.126076936721801758e+00
1.120546579360961914e+00
-1.831604957580566406e+00
4.130745410919189453e+00
-1.612686395645141602e+00
-8.729358911514282227e-01
-3.954690456390380859e+00
-4.167430877685546875e+00
9.083853960037231445e-01
