-4.032863140106201172e+00
-6.397764086723327637e-01
-3.704412460327148438e+00
4.920242786407470703e+00
-4.682425498962402344e+00
-8.334106206893920898e-01
-4.405772209167480469e+00
1.129002094268798828e+00
1.864494800567626953e+00
3.210694789886474609e+00
3.705182552337646484e+00
1.181887149810791016e+00
1.031000614166259766e+00
-4.486962318420410156e+00
2.927495479583740234e+00
-1.157143831253051758e+00
3.773754119873046875e+00
-7.791936993598937988e-01
3.463650465011596680e+00
1.991162300109863281e+00
-3.424530744552612305e+00
3.985855579376220703e+00
-2.146336078643798828e+00
3.997747659683227539e+00
-4.604062557220458984e+00
-1.342522501945495605e+00
2.475002765655517578e+00
-3.843214273452758789e+00
-3.637423276901245117e+00
1.842766284942626953e+00
