4.242824554443359375e+00
9.318545460700988770e-01
1.854496002197265625e+00
4.481429576873779297e+00
2.279728174209594727e+00
-1.713145375251770020e+00
2.238817214965820312e+00
1.067151188850402832e+00
3.586368083953857422e+00
1.339922070503234863e+00
1.728685975074768066e+00
-2.326965332031250000e+00
-6.603457331657409668e-01
2.525412797927856445e+00
-3.127118647098541260e-01
1.983197450637817383e+00
-3.993296861648559570e+00
-6.162944436073303223e-01
1.847153782844543457e+00
-2.480696439743041992e+00
3.128897026181221008e-02
4.889626502990722656e+00
-3.641754150390625000e+00
3.637147665023803711e+00
-1.695899844169616699e+00
1.304111480712890625e+00
-2.815942049026489258e+00
-6.868114471435546875e-01
1.574585437774658203e+00
5.190703272819519043e-01
