-4.634354114532470703e+00
-6.527451872825622559e-01
1.657881975173950195e+00
-2.798637151718139648e+00
4.145675659179687500e+00
2.558972358703613281e+00
-1.679136037826538086e+00
4.183266162872314453e+00
3.556404709815979004e-01
1.427248358726501465e+00
2.520576715469360352e+00
4.642192363739013672e+00
-2.018191099166870117e+00
3.860566616058349609e+00
7.151593565940856934e-01
-4.385289192199707031e+00
4.870285987854003906e+00
1.558915853500366211e+00
1.056341171264648438e+00
1.444417834281921387e-01
2.298089981079101562e+00
4.380219459533691406e+00
2.780696630477905273e+00
-1.276669025421142578e+00
-6.059877276420593262e-01
-3.972018718719482422e+00
-2.818066120147705078e+00
-4.521450042724609375e+00
-8.243961334228515625e-01
6.169776916503906250e-01
