-7.899887561798095703e-01
1.388723254203796387e+00
3.367537260055541992e+00
2.041998952627182007e-01
6.747952699661254883e-01
-4.252934455871582031e+00
4.584761142730712891e+00
2.579905748367309570e+00
-1.555302292108535767e-01
8.654643297195434570e-01
-2.156099081039428711e+00
3.691574335098266602e+00
4.864879131317138672e+00
-2.558563649654388428e-01
-1.489418864250183105e+00
-1.120986461639404297e+00
-3.620904207229614258e+00
1.094283103942871094e+00
1.451208472251892090e+00
1.880806684494018555e+00
-1.544107556343078613e+00
4.739278793334960938e+00
1.065497994422912598e+00
2.711253166198730469e+00
-1.017948836088180542e-01
-2.563420772552490234e+00
3.884297370910644531e+00
-4.632492363452911377e-01
2.180999517440795898e+00
-8.863837718963623047e-01
