-2.288262605667114258e+00
4.275603294372558594e+00
-2.987133026123046875e+00
-1.105385065078735352e+00
-7.396284341812133789e-01
1.399675250053405762e+00
-1.557472586631774902e+00
3.691272258758544922e+00
-4.030088186264038086e-01
1.310331940650939941e+00
1.835745573043823242e+00
-1.503068089485168457e+00
1.229831933975219727e+00
-7.607464790344238281e-01
-4.120134353637695312e+00
-2.651250123977661133e+00
1.041018128395080566e+00
2.365695871412754059e-02
-2.623105287551879883e+00
-3.844534456729888916e-01
-3.059576272964477539e+00
3.700575828552246094e+00
-2.386696577072143555e+00
1.384014844894409180e+00
-4.853683471679687500e+00
4.051263332366943359e+00
-3.675616502761840820e+00
1.277783155441284180e+00
-3.112485408782958984e+00
-1.526145100593566895e+00
