1.093251466751098633e+00
2.941214561462402344e+00
-2.564557194709777832e-01
1.440523386001586914e+00
-3.599227368831634521e-01
1.833526372909545898e+00
-4.861939907073974609e+00
-3.837179839611053467e-01
-4.542013645172119141e+00
2.298838138580322266e+00
4.249680519104003906e+00
-2.448055267333984375e+00
-2.393992424011230469e+00
1.249083161354064941e+00
2.658111333847045898e+00
-2.905165672302246094e+00
-2.057893514633178711e+00
-3.687033176422119141e+00
-3.813408315181732178e-01
3.175579309463500977e+00
1.151972055435180664e+00
1.772268772125244141e+00
3.703950405120849609e+00
-4.415906906127929688e+00
-2.663386106491088867e+00
-3.150861263275146484e+00
-2.045196533203125000e+00
1.825183749198913574e+00
-1.808943510055541992e+00
1.920224547386169434e+00
