2.014822959899902344e+00
8.603015542030334473e-01
1.722592234611511230e+00
-1.096474528312683105e+00
3.609166383743286133e+00
-4.844993591308593750e+00
-9.248989820480346680e-01
5.243231058120727539e-01
-3.857792377471923828e+00
-4.094372093677520752e-01
2.136391401290893555e+00
8.407873660326004028e-02
2.004357613623142242e-02
4.477559566497802734e+00
2.337280273437500000e+00
3.721649646759033203e+00
-4.169432163238525391e+00
1.097347974777221680e+00
-3.001283168792724609e+00
-1.626446366310119629e+00
-4.579978466033935547e+00
2.723979473114013672e+00
1.441304564476013184e+00
1.082498133182525635e-01
7.708404064178466797e-01
-1.984735608100891113e+00
1.827111840248107910e+00
6.545371413230895996e-01
-3.872900247573852539e+00
3.094896793365478516e+00
