-4.976703643798828125e+00
-2.367619037628173828e+00
-1.440555334091186523e+00
-1.352387666702270508e+00
-3.796368837356567383e+00
-2.504412174224853516e+00
2.872813224792480469e+00
-2.450250387191772461e+00
3.503844976425170898e+00
-3.335086584091186523e+00
2.661735534667968750e+00
1.894210934638977051e+00
1.995614290237426758e+00
3.890463352203369141e+00
6.939179897308349609e-01
-9.975645542144775391e-01
3.180689215660095215e-01
3.392283678054809570e+00
-2.126695871353149414e+00
-4.545277595520019531e+00
-3.697019815444946289e-01
-1.264699578285217285e+00
1.892958760261535645e+00
-1.008435368537902832e+00
-2.548950195312500000e+00
-3.569706916809082031e+00
3.086473703384399414e+00
3.713196039199829102e+00
-1.724990367889404297e+00
-1.857129335403442383e+00
