4.918477058410644531e+00
3.067551851272583008e+00
-4.535249710083007812e+00
-4.084577560424804688e+00
-2.821722507476806641e+00
-6.675719618797302246e-01
5.629166364669799805e-01
1.825718402862548828e+00
4.716153144836425781e+00
4.828667163848876953e+00
-3.188110351562500000e+00
-4.194777965545654297e+00
8.592939376831054688e-01
4.717710971832275391e+00
1.100839734077453613e+00
1.593093127012252808e-01
-3.719987630844116211e+00
1.425015926361083984e+00
2.539897441864013672e+00
1.523971855640411377e-01
1.920838713645935059e+00
4.766363620758056641e+00
3.249658346176147461e+00
-1.049879312515258789e+00
1.486905455589294434e+00
8.611733913421630859e-01
-4.814104080200195312e+00
-6.006643772125244141e-01
1.867910861968994141e+00
-4.262755393981933594e+00
