2.981088399887084961e+00
1.592864274978637695e+00
2.138676881790161133e+00
-1.962715089321136475e-01
3.261191368103027344e+00
3.491494894027709961e+00
-3.676271200180053711e+00
4.698281764984130859e+00
3.113661766052246094e+00
-2.934644937515258789e+00
-3.268880367279052734e+00
-3.020530462265014648e+00
-2.316052675247192383e+00
-1.743718981742858887e+00
-1.040664315223693848e+00
-1.463237047195434570e+00
-2.371163606643676758e+00
-3.228360176086425781e+00
1.888929247856140137e+00
1.934925675392150879e+00
-1.010146856307983398e+00
5.746653676033020020e-01
-1.275292515754699707e+00
-3.781438767910003662e-01
1.891565203666687012e+00
2.549194335937500000e+00
4.844215869903564453e+00
3.455375909805297852e+00
3.362316846847534180e+00
-3.114997625350952148e+00
