-2.565068304538726807e-01
1.024120211601257324e+00
1.808905243873596191e+00
1.027887314558029175e-01
3.432073593139648438e+00
2.298299551010131836e+00
-7.584549784660339355e-01
5.620220899581909180e-01
6.723495721817016602e-01
-4.294817924499511719e+00
1.990721464157104492e+00
2.327830791473388672e+00
-2.994349002838134766e+00
4.488046646118164062e+00
-1.871294379234313965e+00
-2.409735918045043945e+00
4.662960529327392578e+00
2.965470552444458008e+00
-3.539756774902343750e+00
4.764371395111083984e+00
-1.602257132530212402e+00
6.565202474594116211e-01
-2.275775671005249023e+00
4.365815639495849609e+00
7.711048126220703125e-01
-7.922546267509460449e-01
-3.268527984619140625e+00
-1.573275327682495117e+00
-2.257348597049713135e-01
1.631846070289611816e+00
