4.236139297485351562e+00
2.436325073242187500e+00
-4.397057592868804932e-01
1.070735752582550049e-01
3.458523750305175781e+00
-1.998742103576660156e+00
-1.178983092308044434e+00
6.619960069656372070e-01
-4.534860610961914062e+00
3.968141555786132812e+00
2.510914087295532227e+00
4.760087966918945312e+00
2.313518524169921875e+00
-4.648108005523681641e+00
-3.304953336715698242e+00
-4.433071613311767578e+00
-5.949402451515197754e-01
3.733373880386352539e+00
4.561865329742431641e+00
2.363854646682739258e+00
-3.499409675598144531e+00
2.840168952941894531e+00
-7.921664714813232422e-01
2.306116819381713867e+00
-1.693228125572204590e+00
3.189395904541015625e+00
-3.573816537857055664e+00
1.418897747993469238e+00
-1.069834470748901367e+00
2.038023948669433594e+00
