1.047123312950134277e+00
-3.507915973663330078e+00
-7.421459555625915527e-01
-3.956072807312011719e+00
1.557850599288940430e+00
-5.814678072929382324e-01
2.648773908615112305e+00
-3.484527587890625000e+00
4.192461490631103516e+00
3.903645992279052734e+00
1.840338945388793945e+00
4.493538379669189453e+00
1.810924053192138672e+00
2.031270265579223633e+00
1.090194225311279297e+00
-3.167040348052978516e+00
1.501471519470214844e+00
4.586737155914306641e+00
-2.963552951812744141e+00
-6.290901899337768555e-01
-3.799771308898925781e+00
2.955816268920898438e+00
-6.518484354019165039e-01
6.862165331840515137e-01
4.259275913238525391e+00
-2.507006406784057617e+00
-3.344502151012420654e-01
6.852579712867736816e-01
-1.611398696899414062e+00
2.232854843139648438e+00
