2.448058605194091797e+00
-4.299246788024902344e+00
-3.224495649337768555e+00
-1.796312093734741211e+00
2.990189075469970703e+00
-9.800281524658203125e-01
-3.111020803451538086e+00
1.672350525856018066e+00
1.094478741288185120e-01
-5.662219524383544922e-01
4.102598428726196289e-01
3.596679449081420898e+00
2.184040307998657227e+00
-1.390514969825744629e+00
-4.701260030269622803e-01
4.866598606109619141e+00
-4.997462749481201172e+00
-4.320993423461914062e+00
4.329416751861572266e+00
3.252890110015869141e+00
-3.890566349029541016e+00
-4.110453605651855469e+00
-5.866411328315734863e-01
-2.459705114364624023e+00
-4.316277027130126953e+00
-2.491451501846313477e+00
-2.573457717895507812e+00
-4.224677562713623047e+00
1.089450359344482422e+00
2.970146656036376953e+00
