-2.950785636901855469e+00
1.471258521080017090e+00
2.941009283065795898e+00
-3.691401958465576172e+00
3.750966072082519531e+00
1.508355021476745605e+00
-4.730312824249267578e+00
-3.102545499801635742e+00
2.507612466812133789e+00
-1.820190668106079102e+00
-1.358905553817749023e+00
-3.358692407608032227e+00
-3.317713260650634766e+00
-2.129972696304321289e+00
3.125450015068054199e-01
-1.011211872100830078e+00
1.593817353248596191e+00
3.946868181228637695e+00
-1.284438252449035645e+00
4.037899672985076904e-01
-2.327978372573852539e+00
-3.913704872131347656e+00
3.520607471466064453e+00
3.582058668136596680e+00
-2.538573741912841797e+00
4.405966758728027344e+00
7.134362459182739258e-01
3.907221317291259766e+00
-3.098296403884887695e+00
2.072504758834838867e+00
