-3.117765903472900391e+00
3.890642642974853516e+00
-1.035400390625000000e+00
2.353942394256591797e+00
3.568643808364868164e+00
2.473788261413574219e+00
-4.186631739139556885e-01
-3.651729583740234375e+00
-2.112080335617065430e+00
-2.038651466369628906e+00
9.265510439872741699e-01
1.302801251411437988e+00
-1.379830837249755859e+00
-9.737093448638916016e-01
-1.263893604278564453e+00
-4.742714405059814453e+00
1.762066721916198730e+00
-1.394415140151977539e+00
3.222493171691894531e+00
-9.478103518486022949e-01
2.476435184478759766e+00
2.077085971832275391e+00
3.997585773468017578e+00
1.017295241355895996e+00
-4.925450384616851807e-01
2.563070535659790039e+00
-2.474111557006835938e+00
1.857869267463684082e+00
-4.156021118164062500e+00
-1.002875447273254395e+00
