-2.078317880630493164e+00
1.133512735366821289e+00
-1.688502728939056396e-01
4.765464782714843750e+00
-5.800357088446617126e-02
-2.600823640823364258e+00
3.802299976348876953e+00
2.141662597656250000e+00
-2.836331605911254883e+00
2.961892127990722656e+00
-2.564580202102661133e+00
-4.079724848270416260e-02
-4.713361561298370361e-01
1.290525794029235840e+00
2.433748245239257812e+00
8.939861655235290527e-01
-7.362952232360839844e-01
-3.378164291381835938e+00
-3.108827590942382812e+00
-2.072464466094970703e+00
3.442877054214477539e+00
-3.754494905471801758e+00
-4.635104179382324219e+00
3.788011074066162109e+00
-1.829421997070312500e+00
1.948149085044860840e+00
-2.480733096599578857e-01
-4.541396141052246094e+00
1.084697842597961426e+00
-3.571277141571044922e+00
