1.097382545471191406e+00
-1.716771364212036133e+00
-3.468184709548950195e+00
-3.533673524856567383e+00
3.310563564300537109e+00
2.711224317550659180e+00
4.579245567321777344e+00
-2.558699369430541992e+00
4.117127656936645508e-01
-3.770135641098022461e+00
3.551640272140502930e+00
2.614676952362060547e+00
3.724237442016601562e+00
-1.194601774215698242e+00
3.830375909805297852e+00
1.557436108589172363e+00
-3.255141079425811768e-01
1.010828018188476562e+00
2.121997594833374023e+00
-4.209138393402099609e+00
4.533656597137451172e+00
-3.825465440750122070e+00
-2.609455347061157227e+00
-4.542675495147705078e+00
-4.308897972106933594e+00
1.418010115623474121e+00
-4.043395042419433594e+00
-4.990153789520263672e+00
-1.457968950271606445e+00
2.998372793197631836e+00
