5.159865021705627441e-01
-4.596768379211425781e+00
-3.035044908523559570e+00
2.023477554321289062e+00
3.698306322097778320e+00
-2.207678079605102539e+00
-2.388705253601074219e+00
-3.211848258972167969e+00
-2.723742246627807617e+00
1.645591020584106445e+00
-4.005801677703857422e+00
-9.850984215736389160e-01
1.644795656204223633e+00
-2.303424358367919922e+00
4.057626247406005859e+00
3.782108306884765625e+00
1.358672261238098145e+00
-1.307696342468261719e+00
-9.451164007186889648e-01
-1.236844182014465332e+00
-4.495496451854705811e-01
-4.238453388214111328e+00
3.746822357177734375e+00
1.697202205657958984e+00
-1.144688606262207031e+00
-2.883272409439086914e+00
3.833861112594604492e+00
-3.684786319732666016e+00
-2.588053941726684570e-01
-2.157850980758666992e+00
