-1.351868391036987305e+00
1.565071344375610352e+00
9.755567908287048340e-01
-1.425402045249938965e+00
-4.539540290832519531e+00
-4.305397987365722656e+00
-2.658875465393066406e+00
1.998157978057861328e+00
-2.329365968704223633e+00
-2.570723772048950195e+00
-2.201618671417236328e+00
1.761486291885375977e+00
-2.239736795425415039e+00
-4.401757717132568359e+00
-2.588011503219604492e+00
-2.846534252166748047e+00
1.799072265625000000e+00
3.358246326446533203e+00
1.982133746147155762e+00
-3.690185546875000000e+00
-4.379385948181152344e+00
-1.434716463088989258e+00
4.115763187408447266e+00
4.813024520874023438e+00
4.157484531402587891e+00
1.795900702476501465e+00
-1.042804360389709473e+00
-1.098043322563171387e+00
1.760097384452819824e+00
-3.245622873306274414e+00
