-4.692817330360412598e-01
4.814775943756103516e+00
-1.226975679397583008e+00
-4.050811290740966797e+00
4.337136268615722656e+00
2.018349170684814453e+00
-3.487585544586181641e+00
-1.289624094963073730e+00
-3.992249250411987305e+00
4.639219045639038086e-01
1.243595957756042480e+00
4.587324142456054688e+00
4.471384525299072266e+00
3.864570379257202148e+00
-2.869034767150878906e+00
2.875173568725585938e+00
-1.056387186050415039e+00
-3.760211467742919922e-01
2.580822229385375977e+00
2.607814788818359375e+00
2.146854877471923828e+00
4.929882049560546875e+00
3.204664945602416992e+00
-3.317912817001342773e+00
5.226290822029113770e-01
3.914062500000000000e+00
-2.077556610107421875e+00
1.408936858177185059e+00
-1.026173308491706848e-01
-1.529304981231689453e+00
