2.660556554794311523e+00
-3.461590528488159180e+00
-2.034344434738159180e+00
-2.963271856307983398e+00
2.334861278533935547e+00
-2.243549108505249023e+00
-4.945833683013916016e+00
-3.359093189239501953e+00
-2.640489935874938965e-01
-7.817848920822143555e-01
4.979263305664062500e+00
-1.038817763328552246e-01
-4.220437526702880859e+00
-3.831098079681396484e+00
3.659153223037719727e+00
3.097386121749877930e+00
-1.800977826118469238e+00
-4.620341300964355469e+00
-9.381765127182006836e-01
1.686621904373168945e-01
1.655334472656250000e+00
2.335361719131469727e+00
-3.199019432067871094e+00
-1.429993033409118652e+00
4.731044292449951172e+00
-1.613835811614990234e+00
-7.206302285194396973e-01
-2.485741853713989258e+00
1.500834822654724121e+00
-2.322256803512573242e+00
