3.044612169265747070e+00
-3.858210325241088867e+00
-3.663640260696411133e+00
-2.617221117019653320e+00
4.192342758178710938e+00
-3.276484727859497070e+00
3.474356889724731445e+00
-8.454670310020446777e-01
-4.645294189453125000e+00
2.570054769515991211e+00
-7.860524654388427734e-01
2.293123006820678711e+00
-3.993324518203735352e+00
1.167742848396301270e+00
-4.311834573745727539e-01
8.145384788513183594e-01
2.961079597473144531e+00
-8.111677318811416626e-02
1.094007253646850586e+00
3.822518587112426758e-01
-1.350194931030273438e+00
3.127434968948364258e+00
3.624787807464599609e+00
-2.559080362319946289e+00
3.701907873153686523e+00
3.051397085189819336e+00
-4.478482246398925781e+00
-8.337317705154418945e-01
-3.120503664016723633e+00
-4.678056716918945312e+00
