4.637751579284667969e+00
3.584804296493530273e+00
8.700440526008605957e-01
-4.639405727386474609e+00
2.727612853050231934e-01
4.362222194671630859e+00
-2.958408117294311523e+00
3.298891782760620117e+00
-8.948262035846710205e-02
-2.755075454711914062e+00
3.511989831924438477e+00
-2.129410505294799805e+00
4.483514308929443359e+00
3.564409494400024414e+00
-2.579758167266845703e+00
-3.737102985382080078e+00
2.251025676727294922e+00
3.513335883617401123e-01
3.596791505813598633e+00
4.197625637054443359e+00
-4.350898414850234985e-02
-4.257731139659881592e-01
-9.152892231941223145e-01
-3.657258749008178711e+00
1.327381253242492676e+00
-1.153250485658645630e-01
1.610535383224487305e+00
1.743744492530822754e+00
1.685268998146057129e+00
-1.252659320831298828e+00
