3.512256145477294922e+00
-4.081178188323974609e+00
-3.411789894104003906e+00
-4.350503444671630859e+00
-1.473740100860595703e+00
2.669707775115966797e+00
-5.066002607345581055e-01
-1.075472354888916016e+00
-8.114383816719055176e-01
-2.882468461990356445e+00
-1.208528876304626465e+00
1.162854313850402832e+00
3.047975301742553711e+00
-3.082314729690551758e+00
-4.412144660949707031e+00
3.704743385314941406e+00
-4.224566459655761719e+00
-2.182312011718750000e+00
-3.107429265975952148e+00
-2.950038433074951172e+00
-2.581989526748657227e+00
3.689510822296142578e+00
3.129541158676147461e+00
3.264854907989501953e+00
-3.894135653972625732e-01
2.906284570693969727e+00
-6.498255729675292969e-01
-2.414150238037109375e+00
1.783205509185791016e+00
-4.475186824798583984e+00
