1.765526771545410156e+00
-3.084220886230468750e+00
2.458843708038330078e+00
-4.132784366607666016e+00
4.069827556610107422e+00
-8.108409047126770020e-01
-3.237108945846557617e+00
1.786442518234252930e+00
-4.580390930175781250e+00
-4.602252960205078125e+00
4.336114883422851562e+00
8.648278713226318359e-01
-4.257739067077636719e+00
4.375125408172607422e+00
2.104606151580810547e+00
1.218760728836059570e+00
4.314056396484375000e+00
-1.741808176040649414e+00
1.219534397125244141e+00
2.691703848540782928e-02
-8.480313420295715332e-01
1.539693474769592285e+00
2.458780765533447266e+00
-3.842365264892578125e+00
1.382812619209289551e+00
-6.478053331375122070e-01
-2.320806503295898438e+00
4.082023620605468750e+00
-2.857661247253417969e+00
-4.868894100189208984e+00
