3.109007358551025391e+00
-2.617252588272094727e+00
4.456671714782714844e+00
-1.017486691474914551e+00
1.861918568611145020e+00
7.149847745895385742e-01
-2.143415212631225586e+00
-5.804937481880187988e-01
2.029793500900268555e+00
4.679753303527832031e+00
3.596505820751190186e-01
-1.996697068214416504e+00
4.178722858428955078e+00
-3.232289552688598633e+00
4.855288028717041016e+00
3.070788621902465820e+00
2.641372084617614746e-01
2.885369777679443359e+00
2.694714307785034180e+00
2.417447090148925781e+00
-6.966494917869567871e-01
-7.529472708702087402e-01
2.481338739395141602e+00
-2.121665954589843750e+00
3.374054670333862305e+00
-1.060792058706283569e-01
4.744378566741943359e+00
1.590434551239013672e+00
-4.382085800170898438e+00
4.337699413299560547e+00
