1.202376484870910645e+00
3.596121072769165039e+00
-2.441693305969238281e+00
3.873473644256591797e+00
-2.193532228469848633e+00
1.093759894371032715e+00
4.150190830230712891e+00
2.953075170516967773e+00
3.435021162033081055e+00
-4.431406497955322266e+00
-1.729295730590820312e+00
-2.598053455352783203e+00
2.584991455078125000e+00
4.485465049743652344e+00
1.602417588233947754e+00
3.330834388732910156e+00
-4.677891731262207031e+00
-7.214795947074890137e-01
-1.404954493045806885e-01
-2.093513011932373047e+00
-1.131041288375854492e+00
-4.001801967620849609e+00
-3.756368875503540039e+00
-1.567538380622863770e+00
-4.588661670684814453e+00
-4.581359624862670898e-01
-1.063334345817565918e+00
-1.295546293258666992e+00
7.394285202026367188e-01
-4.449775218963623047e+00
