4.824477672576904297e+00
3.112506866455078125e+00
6.240729093551635742e-01
4.694398880004882812e+00
2.225360631942749023e+00
-5.982753634452819824e-01
1.844420433044433594e-01
-4.793246746063232422e+00
2.367290019989013672e+00
-2.037348031997680664e+00
-3.892042636871337891e+00
2.088047504425048828e+00
-3.334837198257446289e+00
1.193330168724060059e+00
-3.794709920883178711e+00
-4.216314792633056641e+00
-3.928373336791992188e+00
2.855683088302612305e+00
3.392806529998779297e+00
-1.089242100715637207e+00
1.893169522285461426e+00
4.888457775115966797e+00
4.997044563293457031e+00
2.204057693481445312e+00
1.060059189796447754e+00
4.057201862335205078e+00
3.941233158111572266e+00
7.970092296600341797e-01
-3.352382481098175049e-01
1.873713545501232147e-02
