1.670730710029602051e+00
4.889751434326171875e+00
2.855314016342163086e+00
1.023425817489624023e+00
-4.608189105987548828e+00
-2.894186414778232574e-02
7.124291658401489258e-01
-4.443981647491455078e+00
-1.306038856506347656e+00
7.138699889183044434e-01
-3.322328567504882812e+00
-4.497153282165527344e+00
-2.679923772811889648e+00
-1.605802893638610840e+00
4.906290054321289062e+00
1.549661517143249512e+00
4.255637645721435547e+00
-4.203722476959228516e+00
-1.995604753494262695e+00
7.560115456581115723e-01
-3.995798587799072266e+00
-3.373680353164672852e+00
1.801102995872497559e+00
1.508843541145324707e+00
3.090888023376464844e+00
1.735800385475158691e+00
4.759749889373779297e+00
1.831402897834777832e+00
-3.335308790206909180e+00
-4.095826625823974609e+00
