-4.165627062320709229e-01
-1.725904464721679688e+00
1.561890721321105957e+00
-1.008715391159057617e+00
2.452356576919555664e+00
2.461159944534301758e+00
-7.691159248352050781e-01
3.739085435867309570e+00
3.627770423889160156e+00
2.135946750640869141e+00
4.747596740722656250e+00
-1.648677587509155273e+00
8.858598470687866211e-01
-2.852255582809448242e+00
1.032959938049316406e+00
2.850282669067382812e+00
-3.639677286148071289e+00
4.195082664489746094e+00
4.149243831634521484e+00
2.305425167083740234e+00
-8.711392283439636230e-01
2.327234983444213867e+00
2.297547340393066406e+00
-4.513441562652587891e+00
-1.068550944328308105e+00
-1.722857832908630371e+00
-3.940942525863647461e+00
-3.525841951370239258e+00
-3.760187864303588867e+00
-6.167494058609008789e-01
