1.369404077529907227e+00
-3.446621179580688477e+00
-3.347828388214111328e+00
3.566729724407196045e-01
3.647440910339355469e+00
-4.177167415618896484e+00
-1.870463609695434570e+00
9.287479519844055176e-01
-3.931312084197998047e+00
4.875946044921875000e+00
-2.738928079605102539e+00
-3.395766735076904297e+00
1.898537755012512207e+00
2.032447814941406250e+00
2.954753160476684570e+00
-1.561396598815917969e+00
-4.999781608581542969e+00
1.155624151229858398e+00
3.559721469879150391e+00
4.887694358825683594e+00
-1.367745041847229004e+00
3.343325853347778320e+00
-3.223838806152343750e+00
2.419831037521362305e+00
-3.292690277099609375e+00
2.815125465393066406e+00
-2.798014581203460693e-01
-9.743078947067260742e-01
3.928354024887084961e+00
-4.141088008880615234e+00
