-2.477718353271484375e+00
-2.429849863052368164e+00
-3.255381345748901367e+00
4.188766002655029297e+00
8.263742923736572266e-01
4.085781574249267578e+00
-4.406443119049072266e+00
4.075763225555419922e+00
7.923671603202819824e-01
-1.808855891227722168e+00
3.885299444198608398e+00
-3.088027238845825195e-02
-6.374816894531250000e-01
-2.162183523178100586e+00
-3.610789060592651367e+00
3.771487474441528320e+00
-2.745979547500610352e+00
-1.930025458335876465e+00
-3.133005857467651367e+00
2.991125106811523438e+00
1.817762613296508789e+00
-3.708549499511718750e+00
-3.039313077926635742e+00
9.710422754287719727e-01
9.502410888671875000e-01
-6.962680816650390625e-01
-3.905939579010009766e+00
7.407174706459045410e-01
3.279711008071899414e+00
3.287498235702514648e+00
