2.625670194625854492e+00
9.150073528289794922e-01
-3.823489427566528320e+00
-2.369060754776000977e+00
3.230881929397583008e+00
-4.288412094116210938e+00
2.455826997756958008e+00
-6.281455755233764648e-01
2.688099741935729980e-01
-7.919518351554870605e-01
-2.899368286132812500e+00
-1.830354690551757812e+00
6.845200061798095703e-01
-5.819336771965026855e-01
-3.830501794815063477e+00
-3.952799320220947266e+00
-1.889649868011474609e+00
-2.590258121490478516e-01
4.564816653728485107e-01
-4.524852633476257324e-01
-4.590853691101074219e+00
-1.129901289939880371e+00
4.800907611846923828e+00
1.533035278320312500e+00
4.026691913604736328e+00
-9.136147499084472656e-01
-3.251777648925781250e+00
8.029187917709350586e-01
3.705012083053588867e+00
-2.076613664627075195e+00
