3.986473798751831055e+00
6.502883434295654297e-01
3.172811269760131836e+00
-3.873585939407348633e+00
-4.810228824615478516e+00
-2.913674116134643555e+00
-4.940685749053955078e+00
-2.538867950439453125e+00
4.788334369659423828e+00
-2.909780740737915039e+00
2.028317451477050781e+00
2.359911918640136719e+00
-1.064288377761840820e+00
-3.330952167510986328e+00
-7.247987389564514160e-01
-3.127515792846679688e+00
-2.141622543334960938e+00
-1.032604217529296875e+00
-1.256189465522766113e+00
-2.920897960662841797e+00
-9.920000433921813965e-01
-3.710191845893859863e-01
-8.608663678169250488e-01
-2.785907089710235596e-01
-4.125072807073593140e-02
-1.181358575820922852e+00
3.613896667957305908e-01
3.473600625991821289e+00
2.908468723297119141e+00
-3.895146131515502930e+00
