-2.996234416961669922e+00
9.605356454849243164e-01
-1.794165492057800293e+00
-3.553383827209472656e+00
-3.869248390197753906e+00
1.180289745330810547e+00
-3.610169410705566406e+00
-4.105612754821777344e+00
3.143164873123168945e+00
2.747628986835479736e-01
9.523158669471740723e-01
3.196883201599121094e+00
-6.894090175628662109e-01
-1.463040232658386230e+00
3.171759605407714844e+00
-1.973925709724426270e+00
1.687433004379272461e+00
1.015451550483703613e+00
-3.578363656997680664e+00
2.968792676925659180e+00
-1.604219794273376465e+00
-8.167124390602111816e-01
2.603973388671875000e+00
4.721426367759704590e-01
-4.206670284271240234e+00
-3.151678562164306641e+00
1.395354509353637695e+00
-4.008285999298095703e+00
4.122436523437500000e+00
-2.593107223510742188e+00
