4.562706947326660156e+00
4.402573585510253906e+00
-2.141372680664062500e+00
2.888626813888549805e+00
-9.104330539703369141e-01
1.057974576950073242e+00
6.018329262733459473e-01
-4.077230930328369141e+00
-2.765212774276733398e+00
1.087520718574523926e+00
1.716197371482849121e+00
8.777229189872741699e-01
-1.118078112602233887e+00
6.790438890457153320e-01
1.558134555816650391e+00
4.597868442535400391e+00
-4.302093505859375000e+00
-1.041779279708862305e+00
-8.847512006759643555e-01
-2.687340259552001953e+00
9.154907464981079102e-01
9.871178120374679565e-02
4.787298202514648438e+00
-4.267078399658203125e+00
4.963351726531982422e+00
2.493723630905151367e+00
3.472386837005615234e+00
-1.243291720747947693e-01
-4.003112792968750000e+00
3.927388191223144531e+00
