-4.481968879699707031e+00
3.894129514694213867e+00
-2.835467338562011719e+00
4.050775527954101562e+00
3.999051332473754883e+00
-3.604628324508666992e+00
-2.526875257492065430e+00
-2.163406848907470703e+00
2.617686986923217773e+00
-4.965933799743652344e+00
3.413123369216918945e+00
-2.302393674850463867e+00
-1.930661946535110474e-01
-4.787045955657958984e+00
-2.007396459579467773e+00
2.596327781677246094e+00
-3.223369598388671875e+00
-3.321474790573120117e+00
1.007902741432189941e+00
-1.575460195541381836e+00
4.610504150390625000e+00
4.869955062866210938e+00
2.977881908416748047e+00
-2.892300605773925781e+00
4.642406463623046875e+00
2.332606077194213867e+00
8.622297644615173340e-01
-2.093575239181518555e+00
4.579987525939941406e+00
4.771757125854492188e+00
