1.535624146461486816e+00
-3.018842697143554688e+00
1.429843068122863770e+00
2.105711698532104492e+00
-2.333458900451660156e+00
2.295200109481811523e+00
4.502358913421630859e+00
4.652040481567382812e+00
-1.131972908973693848e+00
3.843815088272094727e+00
-3.763754367828369141e+00
-3.054881334304809570e+00
-3.661120653152465820e+00
-4.378053188323974609e+00
-4.722517967224121094e+00
-2.794964551925659180e+00
-4.894312858581542969e+00
-4.530124187469482422e+00
-4.896541595458984375e+00
1.292389988899230957e+00
4.869380950927734375e+00
3.213699817657470703e+00
2.169813662767410278e-01
1.887819290161132812e+00
7.183210253715515137e-01
2.510674715042114258e+00
-1.133042812347412109e+00
1.256020545959472656e+00
3.148779392242431641e+00
-3.000892162322998047e+00
