4.330994606018066406e+00
-3.566130161285400391e+00
3.024205446243286133e+00
-1.464763283729553223e-01
4.994904518127441406e+00
-2.699434041976928711e+00
4.686631560325622559e-01
1.026910424232482910e+00
-1.851458549499511719e+00
1.536877393722534180e+00
2.101647615432739258e+00
-1.701391696929931641e+00
4.397531986236572266e+00
8.037744760513305664e-01
1.745815038681030273e+00
3.844911098480224609e+00
-4.157813072204589844e+00
3.490190982818603516e+00
3.499330282211303711e+00
1.320166707038879395e+00
3.809368610382080078e+00
-2.316704273223876953e+00
4.791692256927490234e+00
3.195817947387695312e+00
2.756019592285156250e+00
5.706781521439552307e-02
-2.757113933563232422e+00
-4.567230701446533203e+00
-2.352225303649902344e+00
-2.391151905059814453e+00
