-8.638690114021301270e-01
-2.700222730636596680e+00
-3.750572681427001953e+00
4.175114154815673828e+00
4.869739532470703125e+00
-2.030632019042968750e+00
-4.627593517303466797e+00
-4.337281703948974609e+00
3.009940624237060547e+00
3.708855628967285156e+00
1.015733957290649414e+00
2.935031414031982422e+00
3.475058078765869141e+00
1.716361403465270996e+00
1.005783438682556152e+00
4.669239997863769531e+00
4.064052581787109375e+00
-1.059986874461174011e-01
-8.602808713912963867e-01
3.946794748306274414e+00
-4.739471435546875000e+00
-2.877014160156250000e+00
-2.549279212951660156e+00
-1.983824610710144043e+00
-3.687371969223022461e+00
4.800140857696533203e+00
-3.684913814067840576e-01
1.032063841819763184e+00
2.738229513168334961e+00
1.877449989318847656e+00
