-1.809038758277893066e+00
-1.009632468223571777e+00
2.518606185913085938e+00
4.676270008087158203e+00
-3.859008789062500000e+00
1.570530533790588379e+00
-1.806159377098083496e+00
-3.057879924774169922e+00
4.912172794342041016e+00
1.904331445693969727e+00
-2.105081558227539062e+00
4.986728668212890625e+00
-4.683293819427490234e+00
-2.809085607528686523e+00
5.190589427947998047e-01
-1.933469295501708984e+00
2.174607276916503906e+00
-4.803139686584472656e+00
-3.713637351989746094e+00
-3.183892965316772461e+00
-1.836179971694946289e+00
-6.914151906967163086e-01
3.858234882354736328e+00
-9.116560220718383789e-01
-3.466234505176544189e-01
-3.307879686355590820e+00
-2.597753286361694336e+00
3.272412776947021484e+00
1.517946004867553711e+00
2.808265984058380127e-01
