-2.710108280181884766e+00
-4.439804077148437500e+00
-2.759968996047973633e+00
-1.622289299964904785e+00
-4.780935287475585938e+00
2.156358242034912109e+00
3.672301530838012695e+00
-2.129056453704833984e-01
3.576561927795410156e+00
2.757872581481933594e+00
3.396868467330932617e+00
-2.734587669372558594e+00
1.709371805191040039e+00
-3.923427760601043701e-01
-3.283417940139770508e+00
5.706571936607360840e-01
3.295100688934326172e+00
-1.437757492065429688e+00
-4.391628265380859375e+00
1.262037754058837891e+00
3.521354198455810547e-01
4.606221675872802734e+00
5.869720578193664551e-01
2.025654792785644531e+00
-1.735315918922424316e+00
-3.138743638992309570e+00
4.444666385650634766e+00
-3.510941982269287109e+00
3.808694124221801758e+00
-1.441951513290405273e+00
