-3.406862974166870117e+00
-1.333436369895935059e+00
-1.083526760339736938e-01
1.229130387306213379e+00
2.279417276382446289e+00
-4.362052917480468750e+00
3.720246315002441406e+00
2.196187496185302734e+00
-4.965416431427001953e+00
-3.355036973953247070e+00
-4.325393676757812500e+00
-1.687489867210388184e+00
-1.078971698880195618e-01
-5.431421995162963867e-01
4.412607669830322266e+00
-9.766027927398681641e-01
4.636633396148681641e-01
1.669772863388061523e+00
1.943685173988342285e+00
-1.962162494659423828e+00
-1.421967864036560059e+00
-2.465728282928466797e+00
-3.022498846054077148e+00
2.938693761825561523e+00
-3.913809776306152344e+00
-3.176711320877075195e+00
3.534568786621093750e+00
3.171374082565307617e+00
1.684462070465087891e+00
4.842714309692382812e+00
