-2.718001365661621094e+00
-2.210486650466918945e+00
4.951940059661865234e+00
4.480805713683366776e-03
2.237081527709960938e+00
3.581573009490966797e+00
-2.565903425216674805e+00
-3.174381971359252930e+00
1.380627602338790894e-02
4.875482559204101562e+00
-1.282663345336914062e-01
-2.731185674667358398e+00
-2.401198625564575195e+00
-1.054751634597778320e+00
-1.332636713981628418e+00
-1.187817215919494629e+00
-4.997505187988281250e+00
-3.374407768249511719e+00
-1.601971834897994995e-01
-3.666344881057739258e+00
-3.803073167800903320e+00
3.954189538955688477e+00
3.817931115627288818e-01
-2.604243516921997070e+00
2.654822826385498047e+00
2.608698368072509766e+00
4.423229694366455078e+00
-3.600538492202758789e+00
-4.003456115722656250e+00
-3.536699295043945312e+00
