1.623824954032897949e+00
-4.391868591308593750e+00
-1.214552521705627441e-01
2.078026056289672852e+00
-1.458361029624938965e+00
-2.563946008682250977e+00
4.512021064758300781e+00
-7.339268922805786133e-01
-1.351063013076782227e+00
-4.088022232055664062e+00
-7.801499962806701660e-01
-2.077149152755737305e+00
-2.855241894721984863e-01
1.720058321952819824e+00
1.078781366348266602e+00
-2.173563003540039062e+00
3.670146942138671875e+00
1.909820795059204102e+00
3.797823563218116760e-02
-2.097594022750854492e+00
-1.336597800254821777e+00
-2.431469202041625977e+00
3.313157081604003906e+00
-1.315161585807800293e+00
-1.064125776290893555e+00
-2.712816476821899414e+00
4.913689613342285156e+00
5.208458304405212402e-01
1.951056532561779022e-02
4.161836147308349609e+00
