-2.517316341400146484e+00
-3.962960481643676758e+00
2.711829900741577148e+00
2.897792160511016846e-01
-4.083494186401367188e+00
-3.122752010822296143e-01
-3.406665563583374023e+00
4.795585870742797852e-01
3.611423254013061523e+00
8.676747679710388184e-01
4.186100482940673828e+00
4.849116325378417969e+00
3.834588527679443359e+00
-3.685573101043701172e+00
-2.538626909255981445e+00
4.109423637390136719e+00
-5.366041660308837891e-01
-1.768590569496154785e+00
-3.486740112304687500e+00
-4.279298305511474609e+00
-3.731410741806030273e+00
4.306512355804443359e+00
-9.308308362960815430e-01
4.684517383575439453e+00
-3.407048463821411133e+00
3.052644014358520508e+00
1.112227201461791992e+00
-2.170316219329833984e+00
3.221642598509788513e-02
-3.521868288516998291e-01
