-1.367175817489624023e+00
-2.931447982788085938e+00
-6.482616066932678223e-01
3.324187040328979492e+00
-4.871000766754150391e+00
3.928742885589599609e+00
4.778172969818115234e+00
9.033045172691345215e-01
-3.455921649932861328e+00
4.880974769592285156e+00
-5.657678842544555664e-01
2.766025066375732422e+00
7.979302108287811279e-02
-4.338339865207672119e-01
2.432944297790527344e+00
1.329904794692993164e+00
-1.592439055442810059e+00
-2.207522630691528320e+00
-4.940967082977294922e+00
-1.909185290336608887e+00
-1.556381583213806152e+00
2.466465950012207031e+00
-3.200884580612182617e+00
1.019398212432861328e+00
3.949347257614135742e+00
8.709307312965393066e-01
-4.283123016357421875e+00
4.443532526493072510e-01
2.883341312408447266e+00
2.266596317291259766e+00
