-2.656682729721069336e+00
-3.010342121124267578e+00
-4.456106185913085938e+00
1.997377276420593262e+00
-4.912151694297790527e-01
2.056141853332519531e+00
2.544178724288940430e+00
-6.400841474533081055e-01
3.460128784179687500e+00
-2.997353553771972656e+00
-3.608289480209350586e+00
1.886058151721954346e-01
-3.584077596664428711e+00
3.840355396270751953e+00
-4.666543960571289062e+00
3.683110952377319336e+00
7.641856074333190918e-01
-2.003787279129028320e+00
1.893292903900146484e+00
4.874650001525878906e+00
2.452529668807983398e+00
3.498483657836914062e+00
1.442247867584228516e+00
2.913520097732543945e+00
1.882011413574218750e+00
-3.596505641937255859e+00
1.960741639137268066e+00
2.675726890563964844e+00
-3.373755455017089844e+00
4.023853540420532227e-01
