-1.331818222999572754e+00
-1.983351707458496094e-01
-4.710630893707275391e+00
-4.636297702789306641e+00
6.429109722375869751e-02
-4.713716506958007812e+00
-1.741814851760864258e+00
1.130672812461853027e+00
-2.744028091430664062e+00
-3.375116348266601562e+00
-1.111989855766296387e+00
-4.129363536834716797e+00
-1.243958830833435059e+00
-4.922825336456298828e+00
-3.662112712860107422e+00
-9.300193786621093750e-01
-1.925472736358642578e+00
4.091241359710693359e+00
8.628204464912414551e-01
-1.198140025138854980e+00
3.930951356887817383e+00
-2.766888618469238281e+00
-4.601441383361816406e+00
6.632474660873413086e-01
1.613507866859436035e+00
-4.406552314758300781e+00
-3.397427797317504883e+00
-2.940671205520629883e+00
-2.068915843963623047e+00
-7.428002357482910156e-01
