-2.312194108963012695e-01
1.749144196510314941e+00
-4.023009300231933594e+00
3.745041370391845703e+00
-1.314862966537475586e+00
1.234310746192932129e+00
3.214046955108642578e+00
-2.653201341629028320e+00
3.073150873184204102e+00
-2.327655792236328125e+00
4.586897850036621094e+00
-4.707266330718994141e+00
-2.501408815383911133e+00
-8.487187027931213379e-01
-3.409955501556396484e+00
3.870626688003540039e+00
-3.969384431838989258e+00
-1.133583307266235352e+00
4.965475559234619141e+00
1.709556579589843750e+00
3.366673707962036133e+00
-2.149997234344482422e+00
-9.286296963691711426e-01
2.641947507858276367e+00
8.684765100479125977e-01
4.716985523700714111e-01
2.077344894409179688e+00
4.349152565002441406e+00
-2.803541898727416992e+00
-2.916948556900024414e+00
