3.044521570205688477e+00
-1.750735640525817871e+00
5.407176017761230469e-01
-1.275975704193115234e+00
8.316566944122314453e-01
9.655097126960754395e-01
-2.141214847564697266e+00
2.585331678390502930e+00
7.012144778855144978e-04
2.914446115493774414e+00
5.292280316352844238e-01
6.632720232009887695e-01
3.572274923324584961e+00
4.343937873840332031e+00
-4.683125495910644531e+00
-1.829232573509216309e+00
-3.820489645004272461e+00
4.895537853240966797e+00
-6.228687763214111328e-01
4.288232326507568359e+00
4.884816169738769531e+00
4.979961872100830078e+00
2.479074239730834961e+00
-6.638014912605285645e-01
-1.188330292701721191e+00
-5.074182525277137756e-02
-1.147395610809326172e+00
-3.345492601394653320e+00
-3.718007326126098633e+00
-1.761483073234558105e+00
