-4.664738178253173828e-01
-3.967316627502441406e+00
-2.605722427368164062e+00
2.396531581878662109e+00
4.125150680541992188e+00
-1.186065554618835449e+00
3.269983232021331787e-01
-4.078241825103759766e+00
4.204081535339355469e+00
-5.859932899475097656e-01
1.636932730674743652e+00
-2.894864559173583984e+00
3.326807022094726562e+00
3.308787584304809570e+00
-2.054953336715698242e+00
-7.609951496124267578e-01
3.218423843383789062e+00
4.693996429443359375e+00
-6.899444460868835449e-01
4.413935661315917969e+00
4.165931224822998047e+00
2.273402690887451172e+00
-1.552312970161437988e+00
-4.079555511474609375e+00
-2.690432310104370117e+00
-3.737983942031860352e+00
1.401483863592147827e-01
-1.203644037246704102e+00
-2.328368663787841797e+00
-3.595917940139770508e+00
