3.624123811721801758e+00
1.884334564208984375e+00
4.670292854309082031e+00
-8.239058256149291992e-01
-4.257627487182617188e+00
2.795394897460937500e+00
2.932810544967651367e+00
3.333667039871215820e+00
-2.105728387832641602e+00
-2.842419862747192383e+00
-2.913339614868164062e+00
-4.659428119659423828e+00
-3.604391813278198242e+00
2.383120775222778320e+00
1.764581680297851562e+00
4.784284114837646484e+00
1.340111613273620605e+00
4.465910911560058594e+00
1.290682610124349594e-02
1.857949852943420410e+00
-1.603782534599304199e+00
-4.968594074249267578e+00
8.744912743568420410e-01
-6.049892902374267578e-01
-4.068531990051269531e+00
-8.037649989128112793e-01
-7.107551097869873047e-01
-1.191156744956970215e+00
-4.919412612915039062e+00
-2.424607992172241211e+00
