-4.263351440429687500e+00
3.331188201904296875e+00
-4.343388557434082031e+00
-4.718105316162109375e+00
1.185807466506958008e+00
1.513220191001892090e+00
-3.310558557510375977e+00
4.723836481571197510e-01
3.784509420394897461e+00
-2.019060999155044556e-01
-1.899578452110290527e+00
-1.017490267753601074e+00
2.957713127136230469e+00
-1.790239363908767700e-01
4.251619815826416016e+00
5.027910470962524414e-01
-3.737655878067016602e+00
-8.283606767654418945e-01
-2.950539827346801758e+00
-2.245695352554321289e+00
-3.911049842834472656e+00
4.166359424591064453e+00
6.967383623123168945e-02
2.038113355636596680e+00
-1.004484653472900391e+00
1.235199570655822754e+00
-1.421202778816223145e+00
-9.078239798545837402e-01
2.973426103591918945e+00
4.562647342681884766e-01
