2.485656976699829102e+00
1.106880721636116505e-03
2.850609779357910156e+00
-4.490280151367187500e+00
-2.014360904693603516e+00
-3.549470901489257812e+00
-2.559710025787353516e+00
-1.408355236053466797e+00
1.950176119804382324e+00
-2.084914445877075195e+00
9.706462025642395020e-01
3.648990631103515625e+00
-2.770170927047729492e+00
3.609189093112945557e-01
-3.648443460464477539e+00
-1.072845935821533203e+00
-1.336648464202880859e+00
-3.690568208694458008e+00
3.747639417648315430e+00
-3.289580047130584717e-01
-4.876918315887451172e+00
-1.586920261383056641e+00
-2.178087711334228516e+00
1.973218560218811035e+00
-3.130475997924804688e+00
1.364302754402160645e+00
1.136644005775451660e+00
6.769088506698608398e-01
4.161059856414794922e+00
3.761496067047119141e+00
