4.940682411193847656e+00
-3.590698480606079102e+00
2.600365161895751953e+00
-4.389077663421630859e+00
1.601444005966186523e+00
5.113095641136169434e-01
1.391862511634826660e+00
1.261084079742431641e-01
-2.113331317901611328e+00
-2.592764377593994141e+00
-1.276041626930236816e+00
-9.894661307334899902e-01
1.552229642868041992e+00
-4.020408913493156433e-02
-2.459716200828552246e-01
3.625336647033691406e+00
-1.229465126991271973e+00
4.545380592346191406e+00
-2.013151884078979492e+00
1.108311533927917480e+00
-4.522589206695556641e+00
1.097120285034179688e+00
4.203940391540527344e+00
3.684691190719604492e+00
2.264068126678466797e+00
1.491308212280273438e-01
-1.061632394790649414e+00
-3.015754699707031250e+00
-2.818626403808593750e+00
4.740094184875488281e+00
