-8.669169545173645020e-01
1.497148513793945312e+00
4.591633319854736328e+00
3.224747896194458008e+00
8.725329637527465820e-01
4.421534061431884766e+00
4.282918930053710938e+00
-2.710134029388427734e+00
-1.001081705093383789e+00
6.721010208129882812e-01
-1.346081972122192383e+00
2.920785732567310333e-02
-2.442786931991577148e+00
-3.834094107151031494e-01
4.599460124969482422e+00
4.362229824066162109e+00
3.460882902145385742e+00
4.434305131435394287e-01
2.246768712997436523e+00
-2.724145174026489258e+00
1.104926824569702148e+00
2.851266860961914062e+00
1.246964812278747559e+00
2.870382964611053467e-01
1.004795551300048828e+00
1.788865588605403900e-02
-2.993081808090209961e+00
-4.143875598907470703e+00
-2.636679410934448242e+00
-3.394914865493774414e+00
