-4.312205791473388672e+00
1.696470975875854492e+00
-4.487865447998046875e+00
-2.212579011917114258e+00
-8.040433526039123535e-01
-3.441206693649291992e+00
7.774674892425537109e-01
-1.337581038475036621e+00
2.396544218063354492e+00
-3.601917028427124023e+00
1.648652076721191406e+00
-3.654944181442260742e+00
-3.195270538330078125e+00
-1.326676011085510254e+00
4.487578392028808594e+00
-3.685373440384864807e-02
-3.619858741760253906e+00
-3.164442539215087891e+00
-3.810140609741210938e+00
4.608070850372314453e+00
-1.067791938781738281e+00
-3.948477029800415039e+00
-4.307738304138183594e+00
-3.630393505096435547e+00
2.529506385326385498e-01
4.265324592590332031e+00
-2.627711534500122070e+00
-1.423224925994873047e+00
-3.109050750732421875e+00
-1.167001366615295410e+00
