-2.900784492492675781e+00
4.104650020599365234e+00
-4.300136089324951172e+00
1.538848876953125000e+00
1.391735553741455078e+00
-3.246375560760498047e+00
2.843113899230957031e+00
3.504067182540893555e+00
-4.826989173889160156e+00
1.993385195732116699e+00
2.451339960098266602e+00
4.925932884216308594e+00
-1.775105357170104980e+00
-6.946185827255249023e-01
2.208613306283950806e-01
2.939875364303588867e+00
4.566513061523437500e+00
-2.724411249160766602e+00
-1.801646471023559570e+00
-1.432120561599731445e+00
2.689961671829223633e+00
-4.882668972015380859e+00
-4.408200681209564209e-01
-3.108764648437500000e+00
3.758262872695922852e+00
-2.289240121841430664e+00
-4.951242446899414062e+00
3.206899404525756836e+00
2.460117578506469727e+00
4.076527118682861328e+00
