-1.072537004947662354e-01
9.441420435905456543e-01
-3.635714292526245117e+00
5.315068960189819336e-01
-1.110263109207153320e+00
2.309909820556640625e+00
3.892782449722290039e+00
7.990455627441406250e-01
-2.070767641067504883e+00
7.756666839122772217e-02
-1.536680698394775391e+00
-4.982143402099609375e+00
2.775413036346435547e+00
-1.699811816215515137e+00
-2.248390205204486847e-02
3.664605140686035156e+00
2.924934625625610352e-01
-8.253068327903747559e-01
3.478618264198303223e-01
8.583746552467346191e-01
2.238395452499389648e+00
2.430736780166625977e+00
-6.199358105659484863e-01
3.833896815776824951e-01
-7.961733341217041016e-01
-4.067100524902343750e+00
-4.274159908294677734e+00
2.655149221420288086e+00
-3.804687500000000000e+00
4.524102210998535156e+00
