4.426769733428955078e+00
-3.514565706253051758e+00
4.328999042510986328e+00
-1.186364054679870605e+00
-6.723167300224304199e-01
2.969405651092529297e+00
-3.129189491271972656e+00
-4.814119815826416016e+00
2.722993850708007812e+00
-3.850447893142700195e+00
2.987677335739135742e+00
-2.344939470291137695e+00
-4.682047843933105469e+00
1.798845231533050537e-01
-5.575588345527648926e-01
-1.390791773796081543e+00
-1.430754184722900391e+00
-3.784794569015502930e+00
-8.217709064483642578e-01
-4.695121288299560547e+00
2.127398699522018433e-01
2.601049184799194336e+00
-7.608839776366949081e-03
4.084231376647949219e+00
4.773261070251464844e+00
-7.949497699737548828e-01
4.089054107666015625e+00
-4.778554439544677734e+00
2.304672956466674805e+00
3.413207530975341797e+00
