1.580594539642333984e+00
-1.328520298004150391e+00
-2.121216952800750732e-01
6.440408825874328613e-01
-3.886687517166137695e+00
1.787655353546142578e+00
3.728382349014282227e+00
-2.582454442977905273e+00
-1.122864633798599243e-01
-3.445410966873168945e+00
-4.876369610428810120e-03
-2.866455316543579102e+00
-1.574154496192932129e-01
-1.361967086791992188e+00
2.459890127182006836e+00
-3.855035305023193359e+00
1.548650562763214111e-01
3.566912174224853516e+00
4.138350486755371094e+00
1.776914715766906738e+00
1.546066284179687500e+00
3.470657587051391602e+00
-4.255142435431480408e-02
3.280871629714965820e+00
-2.402935266494750977e+00
3.433717191219329834e-01
1.855667114257812500e+00
-4.794498443603515625e+00
9.139065146446228027e-01
-4.532854557037353516e+00
