3.146423339843750000e+00
4.181678771972656250e+00
-1.600339889526367188e+00
3.694698333740234375e+00
3.649129152297973633e+00
-4.153573036193847656e+00
2.255429744720458984e+00
-4.795662403106689453e+00
1.694059610366821289e+00
6.083050370216369629e-01
-3.505418777465820312e+00
1.317452192306518555e+00
-8.640447854995727539e-01
3.826702535152435303e-01
-6.387221813201904297e-01
-4.600261211395263672e+00
-4.898097813129425049e-01
3.528968811035156250e+00
4.423978805541992188e+00
3.109590291976928711e+00
-1.744647026062011719e+00
-4.411960601806640625e+00
-3.655905961990356445e+00
-2.161350101232528687e-01
-4.416572093963623047e+00
-1.053041577339172363e+00
3.361166715621948242e+00
-2.236428260803222656e+00
-1.556669116020202637e+00
4.262425422668457031e+00
