1.475771546363830566e+00
-4.521939277648925781e+00
-7.329699993133544922e-01
-2.454941034317016602e+00
3.201957225799560547e+00
3.311143159866333008e+00
-3.429882287979125977e+00
4.246382713317871094e+00
3.603477239608764648e+00
-4.155351638793945312e+00
2.701593637466430664e+00
1.768293976783752441e+00
-2.656852960586547852e+00
2.142926931381225586e+00
-3.174403905868530273e+00
4.452953815460205078e+00
-1.007911443710327148e+00
3.675762891769409180e+00
-1.213302731513977051e+00
-3.311146497726440430e+00
-3.000953197479248047e+00
-1.239649534225463867e+00
-8.717976808547973633e-01
-2.450986862182617188e+00
2.654090166091918945e+00
3.148363113403320312e+00
1.324946403503417969e+00
4.606004238128662109e+00
-1.989767909049987793e+00
-3.394004344940185547e+00
