4.491826534271240234e+00
-2.849298954010009766e+00
4.233689308166503906e+00
-2.462654829025268555e+00
-4.227952957153320312e+00
-3.343685388565063477e+00
-1.270372867584228516e-01
7.244555354118347168e-01
7.793927788734436035e-01
4.883078575134277344e+00
2.422308921813964844e+00
-3.538980007171630859e+00
2.319764137268066406e+00
-3.086904287338256836e+00
-2.799014568328857422e+00
2.967631518840789795e-01
5.279065370559692383e-01
-1.566090703010559082e+00
-2.000507116317749023e+00
3.517993927001953125e+00
3.411425352096557617e+00
-3.250353574752807617e+00
2.216058015823364258e+00
2.924373626708984375e+00
-3.005451202392578125e+00
2.731733798980712891e+00
-4.336641311645507812e+00
2.979694604873657227e+00
2.154369115829467773e+00
-2.654024839401245117e+00
