-4.964819908142089844e+00
3.216913342475891113e-01
3.247805833816528320e+00
-1.451330333948135376e-01
4.051164627075195312e+00
-2.315834522247314453e+00
-4.857370376586914062e+00
1.747247934341430664e+00
-1.654409408569335938e+00
-3.119084835052490234e+00
-1.670248627662658691e+00
-3.996186733245849609e+00
3.108028650283813477e+00
1.753678441047668457e+00
3.662863373756408691e-02
2.752745151519775391e+00
2.562773704528808594e+00
-1.860750913619995117e+00
-3.556138277053833008e+00
-3.084374904632568359e+00
4.991892814636230469e+00
-2.137154817581176758e+00
3.335451126098632812e+00
3.584672451019287109e+00
-1.451667428016662598e+00
1.237224340438842773e+00
-4.872797966003417969e+00
4.663720130920410156e+00
3.720608949661254883e+00
3.842365503311157227e+00
