2.741708517074584961e+00
-2.265144586563110352e+00
-3.257786035537719727e+00
-8.947827219963073730e-01
4.682564139366149902e-01
6.062073111534118652e-01
-3.526978492736816406e+00
-1.016716599464416504e+00
3.687690019607543945e+00
-1.752702593803405762e+00
3.847546815872192383e+00
-4.047332286834716797e+00
-4.048243999481201172e+00
-2.894516944885253906e+00
-1.979065418243408203e+00
-3.354125261306762695e+00
2.289364099502563477e+00
1.686366647481918335e-01
-1.173734903335571289e+00
-2.474255561828613281e+00
-1.024499416351318359e+00
1.482321381568908691e+00
-8.401075601577758789e-01
3.133639097213745117e+00
2.837987422943115234e+00
2.832808732986450195e+00
-3.793500423431396484e+00
4.367758274078369141e+00
1.746485084295272827e-01
-1.699996113777160645e+00
