-4.196143150329589844e+00
-4.350455284118652344e+00
-2.843626022338867188e+00
-4.898524761199951172e+00
-7.403508424758911133e-01
2.997432231903076172e+00
3.745187044143676758e+00
9.860941767692565918e-01
-2.918415069580078125e+00
-5.758110284805297852e-01
1.891891241073608398e+00
2.434311658143997192e-01
3.221529006958007812e+00
-3.074705600738525391e+00
-4.126780033111572266e+00
2.832959175109863281e+00
-1.761227101087570190e-01
6.128200292587280273e-01
-3.061235666275024414e+00
-2.824028730392456055e+00
1.935135364532470703e+00
3.940984487533569336e+00
-4.923731803894042969e+00
-3.565085172653198242e+00
-4.653084754943847656e+00
-4.421685695648193359e+00
2.619264364242553711e+00
1.205506563186645508e+00
-2.941419601440429688e+00
-9.714852571487426758e-01
