1.099929511547088623e-01
-1.822473049163818359e+00
-6.647348403930664062e-01
-8.251563310623168945e-01
-3.798876523971557617e+00
1.947928071022033691e+00
-3.405477285385131836e+00
-2.578204393386840820e+00
4.912486076354980469e+00
-4.355065822601318359e+00
-1.428707122802734375e+00
4.490878582000732422e+00
3.315600156784057617e+00
-4.804821491241455078e+00
2.720007181167602539e+00
-7.652473449707031250e-01
4.671473979949951172e+00
1.004033327102661133e+00
1.921203136444091797e+00
3.924028158187866211e+00
-2.710786104202270508e+00
-4.218734264373779297e+00
-4.617859363555908203e+00
-2.671875000000000000e+00
4.513130187988281250e+00
2.442589551210403442e-01
-4.515409946441650391e+00
3.170945405960083008e+00
4.827888011932373047e+00
4.799693584442138672e+00
