-4.830446243286132812e+00
-1.276894330978393555e+00
1.137148737907409668e+00
7.249803841114044189e-02
-3.762863636016845703e+00
-4.325076580047607422e+00
3.081059217453002930e+00
4.637972831726074219e+00
7.360718250274658203e-01
-3.458776950836181641e+00
-1.440199732780456543e+00
-4.439508438110351562e+00
-2.960812807083129883e+00
-2.342493832111358643e-01
1.026634931564331055e+00
-4.801892757415771484e+00
-2.220205068588256836e+00
-3.221000432968139648e+00
9.078279137611389160e-01
-9.745798110961914062e-01
3.270060062408447266e+00
-1.794006824493408203e+00
4.205301284790039062e+00
-2.686799049377441406e+00
2.224638223648071289e+00
4.504708647727966309e-01
-8.968070745468139648e-01
-2.852033376693725586e+00
-4.859051227569580078e+00
2.963061571121215820e+00
