7.219040393829345703e-02
3.538922786712646484e+00
-1.483286976814270020e+00
-3.658133029937744141e+00
-2.941906929016113281e+00
-2.094613790512084961e+00
3.703407049179077148e+00
-1.126657962799072266e+00
-3.571127176284790039e+00
-1.717908620834350586e+00
3.313356637954711914e+00
1.790270686149597168e+00
-2.841560840606689453e-01
-3.458187580108642578e+00
1.347748190164566040e-01
-2.016190290451049805e+00
3.931998252868652344e+00
-4.338118553161621094e+00
1.314510107040405273e+00
-9.125801324844360352e-01
-4.771767616271972656e+00
1.126160502433776855e+00
4.576511859893798828e+00
-1.708464026451110840e-01
-4.934347629547119141e+00
-2.156096696853637695e+00
3.742610216140747070e+00
-1.962498068809509277e+00
-2.645142793655395508e+00
3.900596141815185547e+00
