-4.395428895950317383e-01
1.360690146684646606e-01
-4.777361869812011719e+00
-1.735119223594665527e+00
2.445692300796508789e+00
-4.557507038116455078e+00
-3.189929246902465820e+00
-4.903781890869140625e+00
2.333740711212158203e+00
1.089984655380249023e+00
-2.501578569412231445e+00
4.304076671600341797e+00
-6.419521570205688477e-01
2.036955356597900391e+00
3.878275394439697266e+00
4.785880446434020996e-01
-4.965550601482391357e-01
-2.748706102371215820e+00
-3.430038690567016602e+00
1.344264149665832520e+00
2.437180519104003906e+00
-1.674056053161621094e+00
-2.593931369483470917e-02
2.614221572875976562e+00
-1.294252276420593262e+00
-1.924353599548339844e+00
-2.594181537628173828e+00
-2.110353946685791016e+00
2.365118265151977539e+00
7.533835172653198242e-01
