3.077644109725952148e+00
-8.562225699424743652e-01
-9.383907914161682129e-01
-3.589305579662322998e-01
-9.062595963478088379e-01
-1.032948732376098633e+00
-3.277586221694946289e+00
-1.484093308448791504e+00
2.087924480438232422e+00
-5.494326949119567871e-01
-4.819577693939208984e+00
-4.951418876647949219e+00
1.335682511329650879e+00
1.420285344123840332e+00
4.805637836456298828e+00
2.424405336380004883e+00
1.699625253677368164e+00
-2.914058208465576172e+00
4.176473617553710938e+00
-1.548825621604919434e+00
2.607418775558471680e+00
-4.407020568847656250e+00
3.112769842147827148e+00
1.706848978996276855e+00
8.594879508018493652e-01
4.067475318908691406e+00
-3.307715415954589844e+00
-3.100449323654174805e+00
-5.767114162445068359e-01
-1.346899151802062988e+00
