-4.007032394409179688e+00
-2.920520782470703125e+00
2.237240552902221680e+00
-4.682998180389404297e+00
2.177127599716186523e+00
-2.347604513168334961e+00
3.833408594131469727e+00
-1.773087978363037109e+00
-2.352620959281921387e-01
3.093928098678588867e+00
-2.496789932250976562e+00
-2.450828075408935547e+00
4.225659966468811035e-01
6.493245065212249756e-02
-2.761805534362792969e+00
-3.065208435058593750e+00
9.580988883972167969e-01
1.493199825286865234e+00
3.429761409759521484e+00
-1.195698857307434082e+00
1.011114001274108887e+00
-1.302815973758697510e-01
2.146476268768310547e+00
2.720338106155395508e+00
2.497860431671142578e+00
-1.920531272888183594e+00
-3.170039415359497070e+00
-4.130528926849365234e+00
-3.983166933059692383e+00
-1.096294760704040527e+00
