8.820425868034362793e-01
4.571952342987060547e+00
4.926278591156005859e+00
-4.057708740234375000e+00
3.112199544906616211e+00
-1.703084707260131836e+00
2.389529943466186523e+00
2.437839508056640625e+00
4.212992668151855469e+00
-3.454835653305053711e+00
2.810008227825164795e-01
-4.662832736968994141e+00
-4.612463116645812988e-01
-4.809365749359130859e+00
3.634910106658935547e+00
-9.742032885551452637e-01
-2.824752569198608398e+00
-1.155605316162109375e+00
2.391918897628784180e+00
4.943925857543945312e+00
2.725017547607421875e+00
-4.330862522125244141e+00
-1.176494807004928589e-01
1.384159177541732788e-01
9.311488270759582520e-01
-2.238578081130981445e+00
3.622323036193847656e+00
-2.593983888626098633e+00
3.495386838912963867e+00
1.315126538276672363e+00
