3.081430494785308838e-01
1.552955985069274902e+00
-3.569068431854248047e+00
1.244235754013061523e+00
-2.934285879135131836e+00
-1.195341110229492188e+00
7.716866731643676758e-01
-3.778794527053833008e+00
9.543588161468505859e-01
-2.858545541763305664e+00
4.143316268920898438e+00
3.235551357269287109e+00
3.965979337692260742e+00
-4.701233863830566406e+00
1.214612126350402832e+00
-2.796600103378295898e+00
-1.574120283126831055e+00
-4.665444374084472656e+00
2.216255664825439453e+00
-3.114210605621337891e+00
2.330515861511230469e+00
3.101370573043823242e+00
-3.321430444717407227e+00
-3.628877401351928711e+00
1.811272621154785156e+00
-4.670206546783447266e+00
2.237624406814575195e+00
1.810927271842956543e+00
-1.820894241333007812e+00
-1.144698739051818848e+00
