4.814438343048095703e+00
-2.198298692703247070e+00
2.034087896347045898e+00
1.854695081710815430e+00
-2.157001972198486328e+00
-3.898052930831909180e+00
-3.807486295700073242e+00
-2.537678003311157227e+00
4.506167411804199219e+00
-4.589602947235107422e+00
4.032021164894104004e-01
-2.733695983886718750e+00
3.730791091918945312e+00
-4.374762773513793945e-01
4.690704345703125000e+00
2.667530775070190430e+00
1.529798150062561035e+00
4.944398403167724609e+00
1.928270459175109863e+00
1.342531085014343262e+00
2.955802917480468750e+00
6.335986852645874023e-01
4.298282623291015625e+00
5.451989769935607910e-01
-4.454973697662353516e+00
-4.051346480846405029e-01
8.759535551071166992e-01
-6.827770471572875977e-01
-4.770467758178710938e+00
-3.121987104415893555e+00
