2.859472990036010742e+00
-3.400443077087402344e+00
-4.043523311614990234e+00
1.965513348579406738e+00
-3.904491186141967773e+00
1.806634902954101562e+00
1.627257347106933594e+00
-3.673638343811035156e+00
-8.550926446914672852e-01
-3.236492395401000977e+00
-4.909952878952026367e-01
8.070175051689147949e-01
1.536837458610534668e+00
-4.617330074310302734e+00
-4.813222408294677734e+00
-9.817067980766296387e-01
-5.291890501976013184e-01
4.255188465118408203e+00
1.578250765800476074e+00
-3.720638155937194824e-01
4.593536376953125000e+00
4.222505569458007812e+00
1.325517892837524414e+00
1.673128366470336914e+00
-6.417589783668518066e-01
3.349802255630493164e+00
4.289323806762695312e+00
1.663184762001037598e+00
-1.198791980743408203e+00
4.655401229858398438e+00
