4.928147792816162109e+00
-2.072886228561401367e-01
-4.258779048919677734e+00
-3.535750865936279297e+00
-2.366086542606353760e-01
-1.293785095214843750e+00
3.669367074966430664e+00
2.002507209777832031e+00
1.088748335838317871e+00
-2.843649625778198242e+00
-4.792833328247070312e+00
3.652718782424926758e+00
2.873354196548461914e+00
-4.349760532379150391e+00
1.086182236671447754e+00
-1.598552107810974121e+00
-3.074458837509155273e+00
1.235343575477600098e+00
4.582618772983551025e-01
2.339619874954223633e+00
4.261519432067871094e+00
2.746531963348388672e+00
1.979559898376464844e+00
4.534267902374267578e+00
-3.516952276229858398e+00
3.730719983577728271e-01
1.347485899925231934e+00
4.971762657165527344e+00
-2.426334381103515625e+00
-2.817730903625488281e+00
