-4.762864112854003906e+00
-4.694130897521972656e+00
-5.082140564918518066e-01
-2.353985309600830078e+00
-1.935853242874145508e+00
-2.742085695266723633e+00
-1.797342658042907715e+00
9.672285318374633789e-01
4.454873561859130859e+00
-1.132957458496093750e+00
2.359120994806289673e-01
2.427398204803466797e+00
7.202234268188476562e-01
-4.611452102661132812e+00
-1.713272929191589355e-01
4.673663139343261719e+00
4.089042186737060547e+00
4.241770267486572266e+00
2.977530002593994141e+00
4.187452495098114014e-01
4.465988636016845703e+00
-4.498254776000976562e+00
4.303916931152343750e+00
-1.074977159500122070e+00
-3.584135055541992188e+00
-2.815272510051727295e-01
-1.059517860412597656e+00
4.464956760406494141e+00
1.466708064079284668e+00
6.663386821746826172e-01
