-1.170743227005004883e+00
-2.735337018966674805e+00
-1.336208939552307129e+00
3.373749256134033203e+00
4.666014194488525391e+00
1.503966569900512695e+00
-2.926498174667358398e+00
2.354830503463745117e+00
8.598134517669677734e-01
-2.763419628143310547e+00
-2.389965802431106567e-01
2.072741031646728516e+00
-1.330640196800231934e+00
1.142785191535949707e+00
-1.635781884193420410e+00
-2.187525749206542969e+00
2.201977491378784180e+00
2.771534204483032227e+00
1.652204871177673340e+00
2.517921924591064453e+00
-1.647535204887390137e+00
-1.565095067024230957e+00
3.018688917160034180e+00
-3.108063936233520508e+00
-2.320389747619628906e+00
3.587610960006713867e+00
-2.177196264266967773e+00
1.145654439926147461e+00
1.874389052391052246e+00
4.100692749023437500e+00
