-2.338764429092407227e+00
2.177516698837280273e+00
-8.842988610267639160e-01
-1.315621495246887207e+00
4.260772705078125000e+00
-3.312165498733520508e+00
2.363824844360351562e-01
4.249669551849365234e+00
4.529308319091796875e+00
-4.879721164703369141e+00
-1.085839629173278809e+00
5.385911092162132263e-02
-2.284754037857055664e+00
-3.416774749755859375e+00
4.642763614654541016e+00
3.057670116424560547e+00
1.838730454444885254e+00
1.427940249443054199e+00
-1.253053426742553711e+00
2.388375759124755859e+00
4.011703968048095703e+00
4.171636581420898438e+00
2.871883869171142578e+00
3.403240203857421875e+00
-1.887707114219665527e-01
-4.758349418640136719e+00
-2.649577558040618896e-01
4.770763397216796875e+00
-1.952131271362304688e+00
-3.085163354873657227e+00
