1.901738047599792480e+00
4.015762329101562500e+00
3.882989883422851562e+00
-3.302893638610839844e+00
-2.440804004669189453e+00
1.818291544914245605e+00
3.496845006942749023e+00
-1.076133012771606445e+00
1.082953572273254395e+00
4.754729747772216797e+00
-3.906015396118164062e+00
4.721796035766601562e+00
1.988214440643787384e-02
3.870041370391845703e+00
-4.760715484619140625e+00
4.691786766052246094e+00
1.772094249725341797e+00
7.267051935195922852e-01
-4.197891354560852051e-01
4.216497421264648438e+00
-1.897832036018371582e+00
-4.083713531494140625e+00
2.867050170898437500e+00
1.708100438117980957e+00
-9.815629124641418457e-01
3.953178822994232178e-01
6.623075604438781738e-01
-3.838778972625732422e+00
1.323660492897033691e+00
-3.669476032257080078e+00
