-5.846669077873229980e-01
-8.137511610984802246e-01
2.963587045669555664e-01
-3.099638462066650391e+00
-2.363830566406250000e+00
4.503474235534667969e-01
-5.507879257202148438e-01
3.471472501754760742e+00
1.685628175735473633e+00
3.009496927261352539e+00
2.804416179656982422e+00
2.834869623184204102e+00
-7.366460561752319336e-02
-3.905232846736907959e-01
2.831987857818603516e+00
2.351212739944458008e+00
-1.824810743331909180e+00
-3.049409389495849609e+00
3.097841739654541016e+00
-3.085403442382812500e+00
-9.888858199119567871e-01
2.387785673141479492e+00
-1.334925174713134766e+00
2.639338493347167969e+00
-3.369317293167114258e+00
3.400465488433837891e+00
2.783775568008422852e+00
3.245230674743652344e+00
-7.402368783950805664e-01
-3.304826021194458008e+00
