9.290310740470886230e-01
2.702834844589233398e+00
2.699134945869445801e-01
-3.205797195434570312e+00
-2.635149240493774414e+00
-4.646431922912597656e+00
-3.353957653045654297e+00
-2.416596889495849609e+00
1.836787581443786621e+00
-3.416908740997314453e+00
-4.962084770202636719e+00
3.846149444580078125e-01
-3.067251682281494141e+00
6.311582028865814209e-02
3.097439527511596680e+00
4.785314083099365234e+00
1.640877962112426758e+00
4.783993721008300781e+00
2.865299224853515625e+00
-2.132827520370483398e+00
3.870978116989135742e+00
2.466762542724609375e+00
-3.345739841461181641e+00
-2.413957357406616211e+00
-9.763426780700683594e-01
-1.840130805969238281e+00
2.570735216140747070e+00
-1.707883119583129883e+00
3.020564794540405273e+00
-1.386645078659057617e+00
