-1.291200280189514160e+00
2.527363061904907227e+00
-3.930358648300170898e+00
-3.944576263427734375e+00
-3.741782665252685547e+00
-3.717972040176391602e+00
-3.791755437850952148e+00
8.498151898384094238e-01
-1.631561040878295898e+00
-2.770839214324951172e+00
-8.339413404464721680e-01
1.482182383537292480e+00
-1.912121772766113281e+00
-1.444659352302551270e+00
1.631370067596435547e+00
-3.593384623527526855e-01
2.950528383255004883e+00
8.018156886100769043e-01
1.841988682746887207e+00
1.516764521598815918e+00
-1.773859977722167969e+00
4.339661121368408203e+00
-3.767488479614257812e+00
4.548574984073638916e-01
2.180092334747314453e+00
-9.267913699150085449e-01
2.187426328659057617e+00
-1.399570107460021973e+00
-4.050238132476806641e+00
1.489852648228406906e-02
