1.908653140068054199e+00
1.931568622589111328e+00
5.935922861099243164e-01
-1.692192077636718750e+00
4.397337436676025391e+00
2.810306251049041748e-01
1.131261825561523438e+00
-2.141341447830200195e+00
9.626003503799438477e-01
-1.807814240455627441e+00
3.927977561950683594e+00
7.910209894180297852e-01
-4.000261783599853516e+00
-2.683442592620849609e+00
-7.197906374931335449e-01
4.208018779754638672e+00
2.789772748947143555e+00
4.310941219329833984e+00
-3.943702697753906250e+00
-3.362556934356689453e+00
1.292193055152893066e+00
3.999940633773803711e+00
3.367259740829467773e+00
2.759956598281860352e+00
-2.309716701507568359e+00
-3.054120779037475586e+00
-1.002959609031677246e+00
-3.377074718475341797e+00
-5.881727933883666992e-01
-3.228915929794311523e+00
