7.640374302864074707e-01
1.055572032928466797e+00
-6.971707344055175781e-01
-3.475664615631103516e+00
1.876049160957336426e+00
4.895640850067138672e+00
-1.422939658164978027e+00
1.409096121788024902e+00
2.023313045501708984e+00
-4.773758888244628906e+00
-8.550632596015930176e-01
4.271815776824951172e+00
3.246870994567871094e+00
1.888270020484924316e+00
5.310163497924804688e-01
3.016757965087890625e-01
-3.630941152572631836e+00
-2.677819967269897461e+00
-2.869085550308227539e+00
-3.385411947965621948e-02
3.542421102523803711e+00
6.425021886825561523e-01
3.596112251281738281e+00
-1.058267831802368164e+00
-4.980396747589111328e+00
-4.610423088073730469e+00
3.714601397514343262e-01
-4.820762634277343750e+00
-3.998143434524536133e+00
-6.625939607620239258e-01
