1.211280703544616699e+00
2.757884025573730469e+00
-2.280635118484497070e+00
9.157631993293762207e-01
8.882842063903808594e-01
2.172558546066284180e+00
-7.973628640174865723e-01
-1.971015334129333496e+00
4.231631278991699219e+00
6.155936717987060547e-01
4.611053943634033203e+00
-4.083849430084228516e+00
4.861467838287353516e+00
3.218827247619628906e+00
1.695020556449890137e+00
3.735144615173339844e+00
1.400523900985717773e+00
-4.584175050258636475e-01
4.136451244354248047e+00
4.654682636260986328e+00
3.182318449020385742e+00
4.389133453369140625e+00
4.533790111541748047e+00
-1.737058520317077637e+00
-2.577897310256958008e+00
1.783214449882507324e+00
-2.623102664947509766e+00
2.105490684509277344e+00
3.896953463554382324e-01
1.770675480365753174e-01
