-3.853821158409118652e-01
-1.646999001502990723e+00
-3.718505859375000000e+00
4.095643520355224609e+00
4.958619117736816406e+00
4.847634792327880859e+00
-4.154182910919189453e+00
-4.063841104507446289e-01
-2.057062625885009766e+00
4.291657924652099609e+00
-2.613104343414306641e+00
3.947454929351806641e+00
3.365818023681640625e+00
4.784958362579345703e+00
-3.191079378128051758e+00
-2.967435121536254883e+00
2.663384675979614258e+00
-3.970615148544311523e+00
-1.427596956491470337e-01
-1.988642573356628418e+00
-2.553942441940307617e+00
2.004917383193969727e+00
2.355617523193359375e+00
8.384765386581420898e-01
3.905296325683593750e+00
1.057118058204650879e+00
-2.439642667770385742e+00
6.004785299301147461e-01
-3.200420141220092773e+00
-4.296309471130371094e+00
