3.991478204727172852e+00
4.095530033111572266e+00
-2.567721843719482422e+00
2.867946386337280273e+00
-3.646248340606689453e+00
3.411737829446792603e-02
-4.525982379913330078e+00
2.579163312911987305e+00
4.078648567199707031e+00
3.612190008163452148e+00
-3.733039617538452148e+00
9.789408445358276367e-01
-1.354058265686035156e+00
4.800638675689697266e+00
3.244331359863281250e+00
9.466004371643066406e-01
2.649161338806152344e+00
4.688893258571624756e-01
2.554109096527099609e+00
2.612460613250732422e+00
4.554619789123535156e+00
-2.398823797702789307e-01
-3.868636369705200195e+00
1.456504940986633301e+00
-2.621985673904418945e+00
-2.256869316101074219e+00
7.153308391571044922e-01
4.222258567810058594e+00
-4.744394779205322266e+00
4.569907188415527344e+00
