1.043543338775634766e+00
-7.120451927185058594e-01
1.203590869903564453e+00
8.612611889839172363e-01
-1.997926115989685059e+00
3.703017234802246094e+00
1.114928841590881348e+00
2.082753896713256836e+00
-2.295243024826049805e+00
-2.965614795684814453e+00
8.770812749862670898e-01
-3.347508430480957031e+00
-4.802848696708679199e-01
2.591232061386108398e+00
6.152734756469726562e-01
3.500992774963378906e+00
-4.560375213623046875e+00
2.499991804361343384e-01
3.202553749084472656e+00
-4.798084735870361328e+00
2.495855331420898438e+00
3.090780496597290039e+00
-4.095535755157470703e+00
3.102348327636718750e+00
-4.477527618408203125e+00
-1.988040566444396973e+00
3.556210279464721680e+00
3.289410829544067383e+00
1.309976100921630859e+00
4.897854804992675781e+00
