-3.238801956176757812e+00
-4.638625979423522949e-01
-1.694271564483642578e-01
-3.305617809295654297e+00
2.066596508026123047e+00
3.784833669662475586e+00
-3.827066719532012939e-01
-2.112487316131591797e+00
-4.787590503692626953e+00
-3.713221073150634766e+00
2.967473983764648438e+00
-4.273275852203369141e+00
-1.044763438403606415e-02
-6.955624371767044067e-02
4.800506591796875000e+00
-1.236588954925537109e+00
4.290516853332519531e+00
-2.639022588729858398e+00
-2.876557588577270508e+00
7.842341661453247070e-01
-5.908253416419029236e-02
-4.328437745571136475e-01
-1.484269499778747559e+00
-3.430850028991699219e+00
-3.297897577285766602e+00
-7.925315499305725098e-01
1.161322072148323059e-01
-1.702137351036071777e+00
-1.773302078247070312e+00
1.614934921264648438e+00
