-3.521709442138671875e+00
2.529551982879638672e+00
3.559086799621582031e+00
1.907156825065612793e+00
-4.388976573944091797e+00
-3.379973411560058594e+00
-1.551177740097045898e+00
-1.598996996879577637e+00
-4.362642765045166016e+00
3.736826181411743164e+00
2.623463630676269531e+00
3.162606239318847656e+00
4.704753875732421875e+00
-2.549041986465454102e+00
-4.145729541778564453e+00
-1.448037266731262207e+00
-2.093732357025146484e+00
3.166840553283691406e+00
-4.962933659553527832e-01
4.042615294456481934e-01
3.057485818862915039e+00
7.251414060592651367e-01
-4.432969093322753906e+00
-3.362967967987060547e+00
4.459104061126708984e+00
3.941390514373779297e+00
1.098899006843566895e+00
2.709457159042358398e+00
-6.575487852096557617e-01
3.175890922546386719e+00
