-2.849073708057403564e-01
-8.089962601661682129e-01
-1.676841676235198975e-01
-4.539550304412841797e+00
4.837035655975341797e+00
-2.076496601104736328e+00
-1.688437104225158691e+00
2.562400102615356445e+00
2.924231886863708496e-01
-3.199424982070922852e+00
1.837466061115264893e-01
-1.496905922889709473e+00
-1.732405662536621094e+00
4.598011016845703125e+00
3.562058210372924805e+00
1.968431591987609863e+00
2.009536981582641602e+00
4.654121398925781250e+00
2.418213129043579102e+00
-1.441954851150512695e+00
-1.706302285194396973e+00
2.326671928167343140e-01
4.305137634277343750e+00
2.423425674438476562e+00
4.497682571411132812e+00
-1.618432253599166870e-01
-4.802243709564208984e+00
-4.153777122497558594e+00
-4.832400679588317871e-01
1.888405442237854004e+00
