-2.852395772933959961e+00
2.777806520462036133e+00
-4.290980100631713867e-01
3.084834575653076172e+00
2.335917949676513672e+00
-4.744259834289550781e+00
2.181525468826293945e+00
3.309908628463745117e+00
-2.646812915802001953e+00
-2.348377704620361328e+00
-2.039487361907958984e+00
5.248609185218811035e-01
-4.111001968383789062e+00
-4.734889984130859375e+00
2.298957586288452148e+00
-1.456201076507568359e+00
2.605950593948364258e+00
-6.512517333030700684e-01
8.852424621582031250e-01
-4.736157894134521484e+00
-4.811154842376708984e+00
-3.698511719703674316e-01
-3.072345972061157227e+00
3.813894987106323242e+00
-1.718194335699081421e-01
-4.196987152099609375e-01
1.882623434066772461e+00
3.290200829505920410e-01
-8.797699809074401855e-01
2.521172523498535156e+00
