-4.732393741607666016e+00
1.259212136268615723e+00
-3.859400272369384766e+00
-2.061263084411621094e+00
-1.052800416946411133e+00
-1.593713641166687012e+00
1.874457240104675293e+00
-5.490385293960571289e-01
-2.095240354537963867e+00
1.362236261367797852e+00
1.616097092628479004e+00
2.359147310256958008e+00
3.257149755954742432e-01
-3.360836505889892578e+00
2.589148283004760742e-01
-4.885110378265380859e+00
3.346036434173583984e+00
-3.025534152984619141e+00
-4.255864620208740234e+00
6.315214633941650391e-01
4.671095371246337891e+00
-3.483288049697875977e+00
-4.677860736846923828e+00
-3.518304347991943359e+00
-1.977310538291931152e+00
7.218379974365234375e-01
-1.828151941299438477e-01
4.202329635620117188e+00
-4.194270610809326172e+00
-3.464160442352294922e+00
