1.195453763008117676e+00
-4.111000597476959229e-01
-1.043211340904235840e+00
2.930127859115600586e+00
1.601709008216857910e+00
-4.611709594726562500e+00
-8.239638805389404297e-01
-2.637760639190673828e+00
4.477427005767822266e+00
-2.681297063827514648e+00
4.061812877655029297e+00
-3.042381286621093750e+00
1.924893975257873535e+00
-4.782454967498779297e+00
8.127573132514953613e-01
-3.026914119720458984e+00
-2.013195037841796875e+00
2.147153615951538086e+00
3.621272563934326172e+00
-4.020734429359436035e-01
6.458373069763183594e-01
-2.529289245605468750e+00
-9.270608425140380859e-02
-3.556146383285522461e+00
4.011820316314697266e+00
4.311212062835693359e+00
3.760013341903686523e+00
-6.152947992086410522e-02
-2.428080320358276367e+00
-4.631307125091552734e+00
