-2.985786437988281250e+00
-3.166202545166015625e+00
-1.150343775749206543e+00
1.350282430648803711e+00
2.347440004348754883e+00
-3.568757772445678711e+00
2.035672187805175781e+00
-3.076787590980529785e-01
4.531908988952636719e+00
-4.432116508483886719e+00
-3.943457603454589844e+00
1.053548216819763184e+00
-1.812138080596923828e+00
-8.719086647033691406e-02
-3.860975265502929688e+00
4.369039535522460938e+00
2.467504501342773438e+00
2.524907886981964111e-01
1.451087951660156250e+00
3.533640384674072266e+00
-3.497250556945800781e+00
3.964562118053436279e-01
7.035191655158996582e-01
4.422347068786621094e+00
1.507503747940063477e+00
3.216733932495117188e+00
2.093189477920532227e+00
-6.139381527900695801e-01
1.063675731420516968e-01
-1.194755196571350098e+00
