-3.445261955261230469e+00
2.026031494140625000e+00
-4.491054058074951172e+00
2.719856202602386475e-01
-2.520906209945678711e+00
1.873329877853393555e+00
-3.765017747879028320e+00
-6.698617339134216309e-01
4.643658638000488281e+00
1.244504332542419434e+00
-2.677815437316894531e+00
3.348095417022705078e+00
5.952606201171875000e-01
-1.389617443084716797e+00
2.077939808368682861e-01
1.474816799163818359e+00
-3.558730185031890869e-01
-2.933352708816528320e+00
1.977856270968914032e-02
4.736379146575927734e+00
3.170036077499389648e+00
9.155541658401489258e-01
-3.414170503616333008e+00
2.957040071487426758e+00
2.639021873474121094e+00
2.179116725921630859e+00
2.379383325576782227e+00
-1.682955861091613770e+00
-2.450847625732421875e+00
2.257789373397827148e+00
