4.406839370727539062e+00
2.019221782684326172e+00
-4.867532730102539062e+00
-2.919836997985839844e+00
3.875422775745391846e-01
4.886133670806884766e+00
4.096955299377441406e+00
4.285727977752685547e+00
1.461060166358947754e+00
1.449392557144165039e+00
-3.117249488830566406e+00
1.189469933509826660e+00
1.579119920730590820e+00
4.825878143310546875e-01
-3.349481105804443359e+00
-3.522669315338134766e+00
3.261393308639526367e+00
2.317115783691406250e+00
3.739787817001342773e+00
4.602074623107910156e+00
3.795068264007568359e+00
4.159297943115234375e+00
4.078201055526733398e-01
-9.745906591415405273e-01
-3.685430288314819336e+00
1.922427415847778320e+00
-3.920581936836242676e-01
-4.326313495635986328e+00
-2.263524055480957031e+00
1.836993455886840820e+00
