-2.639163017272949219e+00
-2.147846221923828125e+00
-3.839201331138610840e-01
1.354347705841064453e+00
2.572077035903930664e+00
-3.653833627700805664e+00
1.165764451026916504e+00
2.857788562774658203e+00
-1.746227264404296875e+00
-6.821911782026290894e-02
-3.142670392990112305e+00
6.565452814102172852e-01
-9.039221405982971191e-01
2.167853116989135742e+00
-1.486876130104064941e+00
-3.010222673416137695e+00
9.770044088363647461e-01
-2.151617288589477539e+00
-6.847315430641174316e-01
-3.721065998077392578e+00
4.639604389667510986e-01
2.317798137664794922e+00
-3.055379152297973633e+00
4.572498798370361328e+00
1.806590855121612549e-01
-2.877395391464233398e+00
-4.280174255371093750e+00
4.730935573577880859e+00
4.535160541534423828e+00
-2.697156429290771484e+00
