3.922052085399627686e-01
1.865255355834960938e+00
-1.197201848030090332e+00
4.752953529357910156e+00
-3.723822355270385742e+00
1.771638274192810059e+00
1.629815459251403809e+00
-1.816629409790039062e+00
-4.232638835906982422e+00
4.524734497070312500e+00
2.424042224884033203e+00
-1.032202839851379395e+00
4.154017925262451172e+00
2.870282411575317383e+00
-3.901202976703643799e-01
-2.666586935520172119e-01
-4.746132493019104004e-01
-1.107253432273864746e+00
-2.470656335353851318e-01
1.376698970794677734e+00
-3.738807916641235352e+00
3.041127204895019531e+00
-4.567491531372070312e+00
3.573575317859649658e-01
1.916638731956481934e+00
3.113875865936279297e+00
-1.588423371315002441e+00
-3.983839035034179688e+00
-1.080392718315124512e+00
1.274864673614501953e-01
