-3.253465652465820312e+00
3.617979288101196289e+00
-2.303387880325317383e+00
2.381043434143066406e+00
3.670367240905761719e+00
1.042339876294136047e-01
-9.043322801589965820e-01
3.686510801315307617e+00
2.424355000257492065e-01
2.694148540496826172e+00
3.329793691635131836e+00
3.317523241043090820e+00
3.414351940155029297e+00
-1.404767274856567383e+00
2.440276384353637695e+00
6.357454061508178711e-01
2.891666173934936523e+00
4.623937606811523438e+00
1.312412261962890625e+00
-1.569396853446960449e+00
3.245827913284301758e+00
-3.262598514556884766e+00
4.824467301368713379e-01
1.048471853137016296e-01
-2.594004154205322266e+00
3.200368642807006836e+00
4.021319389343261719e+00
-2.105298042297363281e-01
4.904928684234619141e+00
-3.740640401840209961e+00
