-1.036949992179870605e+00
3.272476196289062500e+00
1.762805879116058350e-01
9.433154463768005371e-01
2.901898860931396484e+00
-1.389325380325317383e+00
-4.998845577239990234e+00
1.904192447662353516e+00
-1.592244505882263184e-01
-4.892673015594482422e+00
8.848723769187927246e-01
-3.263502120971679688e+00
-9.329946041107177734e-01
2.851449251174926758e+00
2.674449205398559570e+00
-9.137755036354064941e-01
4.699413299560546875e+00
-3.915127038955688477e+00
4.901706218719482422e+00
-1.979045152664184570e+00
-2.238684892654418945e+00
-3.185824155807495117e-01
-1.584806084632873535e+00
-1.553319692611694336e+00
1.893286228179931641e+00
2.056687593460083008e+00
-3.253427982330322266e+00
3.243962526321411133e+00
-1.934206634759902954e-01
-4.134854793548583984e+00
