6.459243893623352051e-01
-2.102621793746948242e+00
-4.277441024780273438e+00
-3.939429044723510742e+00
2.425096035003662109e+00
-4.979293346405029297e+00
2.532618284225463867e+00
3.392315626144409180e+00
-7.070981264114379883e-01
1.635696768760681152e+00
2.308352231979370117e+00
4.371249198913574219e+00
-5.618866682052612305e-01
-4.418609142303466797e+00
-4.275290966033935547e+00
-1.636629849672317505e-01
-4.816937446594238281e+00
-2.576468706130981445e+00
-2.311241388320922852e+00
3.881981611251831055e+00
-1.802283406257629395e+00
-1.338736176490783691e+00
-2.778280258178710938e+00
1.296920061111450195e+00
-4.222663342952728271e-01
3.179030656814575195e+00
2.078986406326293945e+00
-2.371835470199584961e+00
-1.743229389190673828e+00
-1.698361396789550781e+00
