4.503966808319091797e+00
1.209197640419006348e+00
-3.505858421325683594e+00
3.835613727569580078e+00
1.240901112556457520e+00
4.776059091091156006e-01
1.232539415359497070e+00
-2.550147533416748047e+00
-3.332116842269897461e+00
8.794599175453186035e-01
-2.702977895736694336e+00
2.166480064392089844e+00
-1.342879295349121094e+00
2.696868896484375000e+00
-1.312682628631591797e+00
4.732843875885009766e+00
-2.391119241714477539e+00
2.462204217910766602e+00
-2.863635063171386719e+00
-1.149528846144676208e-01
-1.581981062889099121e+00
-4.629933357238769531e+00
-1.885534882545471191e+00
-3.654849529266357422e+00
1.052121400833129883e+00
1.615370392799377441e+00
2.498193740844726562e+00
2.962218999862670898e+00
1.079580068588256836e+00
1.220020413398742676e+00
