-3.800005435943603516e+00
1.361830949783325195e+00
-2.443263053894042969e+00
8.494532853364944458e-02
-4.818779945373535156e+00
1.363200396299362183e-01
2.796774387359619141e+00
-4.691190719604492188e+00
5.898763537406921387e-01
1.956772357225418091e-01
4.352926731109619141e+00
-1.477848052978515625e+00
4.429237365722656250e+00
4.157275199890136719e+00
-1.890888094902038574e+00
-4.502850532531738281e+00
1.308071851730346680e+00
-3.456457376480102539e+00
1.793101549148559570e+00
2.165978908538818359e+00
7.910329103469848633e-01
4.872694015502929688e-01
-2.894475758075714111e-01
-2.650258302688598633e+00
1.806774735450744629e+00
3.781614780426025391e+00
-4.036630153656005859e+00
5.944945812225341797e-01
-2.304568052291870117e+00
3.830339908599853516e-01
