-1.019614338874816895e+00
-3.442048311233520508e+00
2.565779924392700195e+00
1.688228368759155273e+00
-3.156327486038208008e+00
-4.716033041477203369e-01
-2.850129365921020508e+00
1.357186317443847656e+00
-3.492437839508056641e+00
1.428404450416564941e+00
3.088244199752807617e+00
4.491622447967529297e+00
-1.769791603088378906e+00
4.228868007659912109e+00
-3.271164894104003906e+00
4.736031055450439453e+00
-6.973842382431030273e-01
-3.086461544036865234e+00
-3.306502580642700195e+00
-2.263134717941284180e+00
4.189907550811767578e+00
-1.700355052947998047e+00
2.363512992858886719e+00
-3.896330833435058594e+00
7.718265056610107422e-01
1.564347185194492340e-04
2.288641929626464844e+00
-3.041113853454589844e+00
4.583381175994873047e+00
-4.748569965362548828e+00
