1.378668189048767090e+00
-4.252993583679199219e+00
3.119746446609497070e+00
-3.361339807510375977e+00
1.310955762863159180e+00
3.416681528091430664e+00
-5.647336840629577637e-01
-9.053984284400939941e-01
3.935786485671997070e+00
4.105527400970458984e+00
-2.115391016006469727e+00
-2.309210300445556641e+00
-3.826006412506103516e+00
-4.968005180358886719e+00
-4.527308464050292969e+00
9.494698643684387207e-01
-3.418009281158447266e+00
-1.959011316299438477e+00
1.316934585571289062e+00
1.616847991943359375e+00
2.370374679565429688e+00
4.410641670227050781e+00
-4.608746528625488281e+00
3.677814006805419922e-01
-3.964523077011108398e+00
-2.410091876983642578e+00
-4.535288333892822266e+00
-8.624967336654663086e-01
3.223331212997436523e+00
-4.039559841156005859e+00
