1.047189831733703613e+00
-4.405165672302246094e+00
9.375047683715820312e-01
3.532985687255859375e+00
-3.909033536911010742e+00
-1.141770482063293457e+00
-1.713263273239135742e+00
-3.825260400772094727e+00
3.428657293319702148e+00
1.956604123115539551e+00
3.591758489608764648e+00
2.471266508102416992e+00
2.470384597778320312e+00
-3.257003784179687500e+00
-3.128034830093383789e+00
3.821080207824707031e+00
-1.669701457023620605e+00
-4.729927062988281250e+00
-7.929737567901611328e-01
4.072741508483886719e+00
-4.036433219909667969e+00
3.807048797607421875e+00
-4.698235988616943359e+00
2.303665876388549805e+00
1.022581100463867188e+00
2.481485128402709961e+00
-3.664491653442382812e+00
4.940736770629882812e+00
1.237405896186828613e+00
-3.575181722640991211e+00
