-4.919517040252685547e+00
-4.211404800415039062e+00
4.548476338386535645e-01
2.663445472717285156e+00
4.891923427581787109e+00
-3.502273321151733398e+00
4.238899707794189453e+00
-1.626206159591674805e+00
2.074471235275268555e+00
-5.503035187721252441e-01
3.357426166534423828e+00
3.455865144729614258e+00
-1.345625072717666626e-01
4.363780319690704346e-01
-2.462716341018676758e+00
3.699507951736450195e+00
1.284766435623168945e+00
-3.209752559661865234e+00
-6.092283725738525391e-01
2.674732170999050140e-02
3.736296653747558594e+00
4.633229255676269531e+00
-1.759363412857055664e+00
2.395643234252929688e+00
-2.780308961868286133e+00
4.827432632446289062e+00
-5.839753746986389160e-01
-2.007182836532592773e+00
-7.534580826759338379e-01
-1.607207417488098145e+00
