-6.402714550495147705e-02
-2.020663261413574219e+00
-6.410154700279235840e-01
2.598246097564697266e+00
4.712117671966552734e+00
-4.936389446258544922e+00
5.891227126121520996e-01
-1.216917276382446289e+00
9.591421484947204590e-01
2.210798263549804688e+00
-4.207152366638183594e+00
-4.451456069946289062e+00
1.107028007507324219e+00
-4.919835090637207031e+00
-3.349489927291870117e+00
-8.928634524345397949e-01
-6.523090600967407227e-02
-3.010697841644287109e+00
-1.856201052665710449e+00
1.457485407590866089e-01
-1.800809383392333984e+00
1.678877472877502441e+00
-3.954860687255859375e+00
-9.508556127548217773e-01
-1.902987957000732422e+00
2.640776395797729492e+00
3.343135356903076172e+00
-3.176788806915283203e+00
3.768121957778930664e+00
-1.373347640037536621e+00
