4.542175292968750000e+00
-5.979210138320922852e-01
4.875511229038238525e-01
-4.398240566253662109e+00
4.956638336181640625e+00
-3.523672819137573242e+00
2.789846420288085938e+00
-3.169027090072631836e+00
-2.146982192993164062e+00
-2.992729663848876953e+00
-4.872709274291992188e+00
-2.524833440780639648e+00
4.122236728668212891e+00
4.809364795684814453e+00
-4.302646636962890625e+00
1.286461114883422852e+00
-1.275019049644470215e-01
-3.625863552093505859e+00
4.049330949783325195e-01
3.700993061065673828e+00
-1.309701561927795410e+00
-1.367766141891479492e+00
-2.122177839279174805e+00
-3.863713502883911133e+00
4.937440872192382812e+00
4.839385986328125000e+00
-3.973175585269927979e-01
-1.831722378730773926e+00
-1.673323631286621094e+00
-4.481286048889160156e+00
