1.441876530647277832e+00
-4.012801647186279297e+00
-3.583228349685668945e+00
-3.580943584442138672e+00
1.996319293975830078e+00
3.861696720123291016e+00
-2.533022642135620117e+00
2.123595714569091797e+00
-6.187621355056762695e-01
4.321035385131835938e+00
-3.308230161666870117e+00
-3.403758049011230469e+00
1.574019312858581543e+00
1.787498712539672852e+00
3.325327396392822266e+00
-1.307391762733459473e+00
-1.831536650657653809e+00
-4.538660526275634766e+00
2.601303100585937500e+00
2.221950531005859375e+00
3.282908201217651367e+00
4.891428947448730469e-01
2.269502401351928711e+00
4.493832111358642578e+00
-1.835455417633056641e+00
-2.134742259979248047e+00
1.708880066871643066e-02
-3.909975767135620117e+00
1.065296053886413574e+00
2.819785594940185547e+00
