-4.154243469238281250e-01
1.931229114532470703e+00
3.130872488021850586e+00
2.086565017700195312e+00
4.652549266815185547e+00
-4.227921009063720703e+00
-4.271765232086181641e+00
-2.059818059206008911e-01
-2.736170768737792969e+00
-4.461185932159423828e+00
3.449189662933349609e+00
-8.580237030982971191e-01
-1.423168063163757324e+00
3.425408601760864258e+00
-4.671518325805664062e+00
4.733468055725097656e+00
1.269769191741943359e+00
-3.292321443557739258e+00
-1.746343970298767090e+00
9.332284927368164062e-01
-1.035143017768859863e+00
3.205439805984497070e+00
7.030017971992492676e-01
-1.490199089050292969e+00
-3.285125732421875000e+00
2.653733015060424805e+00
1.410683751106262207e+00
2.092474699020385742e+00
4.695449352264404297e+00
5.773788690567016602e-01
