-5.555108785629272461e-01
-2.486952304840087891e+00
3.692221641540527344e-01
-2.626086235046386719e+00
-4.881932735443115234e+00
3.022675216197967529e-01
-2.874885559082031250e+00
-3.288196563720703125e+00
-1.085402965545654297e+00
-4.970544338226318359e+00
-3.452537953853607178e-01
4.914124965667724609e+00
-4.615652561187744141e+00
3.163929462432861328e+00
2.397846460342407227e+00
-8.579431772232055664e-01
-1.863987565040588379e+00
-3.835836410522460938e+00
-4.553472399711608887e-01
-4.412644386291503906e+00
-4.753002524375915527e-01
2.368577480316162109e+00
-8.725336194038391113e-01
5.820576548576354980e-01
-4.563121318817138672e+00
-1.456464767456054688e+00
-4.422160148620605469e+00
1.355895161628723145e+00
-3.401516914367675781e+00
-1.391063928604125977e+00
