-1.106947779655456543e+00
-4.534113883972167969e+00
2.056042671203613281e+00
-9.550783634185791016e-01
4.107333660125732422e+00
4.451329231262207031e+00
3.012098550796508789e+00
3.202302455902099609e+00
3.827796280384063721e-01
1.872819304466247559e+00
-4.713736474514007568e-02
4.260580062866210938e+00
-2.564133644104003906e+00
1.411523520946502686e-01
4.173890113830566406e+00
3.108701705932617188e+00
-3.959109306335449219e+00
-1.866980671882629395e+00
-3.464756250381469727e+00
-3.568199872970581055e+00
-1.085703492164611816e+00
-1.853899002075195312e+00
-3.492047071456909180e+00
-2.267957925796508789e+00
-2.074106216430664062e+00
4.924728870391845703e+00
1.387697100639343262e+00
-2.045770406723022461e+00
-4.549681186676025391e+00
7.181519269943237305e-02
