-3.523325443267822266e+00
-9.378524422645568848e-01
-3.870149254798889160e-01
2.505485534667968750e+00
6.612856984138488770e-01
-2.411539554595947266e+00
-3.101059794425964355e-01
-4.918083190917968750e+00
3.930561304092407227e+00
4.486294746398925781e+00
-1.904493212699890137e+00
-2.919118165969848633e+00
2.110247462987899780e-01
-1.603394865989685059e+00
-1.985351920127868652e+00
-2.551052331924438477e+00
-2.244164198637008667e-01
-6.623640060424804688e-01
1.959866046905517578e+00
6.845588684082031250e-01
3.343264102935791016e+00
-7.904682159423828125e-01
-4.626538276672363281e+00
2.719622611999511719e+00
2.894796609878540039e+00
4.021755218505859375e+00
-7.402914762496948242e-02
3.296673297882080078e+00
-2.231789350509643555e+00
-5.866045355796813965e-01
