1.424222946166992188e+00
4.342265129089355469e+00
-2.736510276794433594e+00
-8.163958191871643066e-01
-2.545251846313476562e+00
4.180212974548339844e+00
2.201231002807617188e+00
-1.737647771835327148e+00
-2.937743902206420898e+00
4.509130954742431641e+00
3.290624380111694336e+00
2.217132329940795898e+00
1.577843539416790009e-02
4.106811285018920898e-01
-2.964148283004760742e+00
4.843605518341064453e+00
4.312779903411865234e+00
-1.436542272567749023e+00
3.241810083389282227e+00
1.579451084136962891e+00
-4.151557445526123047e+00
-1.274719715118408203e+00
-1.373544692993164062e+00
1.743510723114013672e+00
3.851964235305786133e+00
1.739646792411804199e+00
-3.977004766464233398e+00
-1.925167441368103027e+00
2.017622947692871094e+00
6.218916773796081543e-01
