-2.438366889953613281e+00
1.946168184280395508e+00
9.799172282218933105e-01
9.309040904045104980e-01
-1.909824490547180176e+00
-1.356119275093078613e+00
2.290730953216552734e+00
-4.242056846618652344e+00
-1.556166291236877441e+00
4.009253084659576416e-01
-3.711245536804199219e+00
4.603383064270019531e+00
-6.651213765144348145e-01
-2.059247493743896484e+00
-4.318873882293701172e+00
-1.702174425125122070e+00
-7.138605713844299316e-01
-4.974467277526855469e+00
4.770030498504638672e+00
-2.167325496673583984e+00
-3.890105724334716797e+00
-3.295327663421630859e+00
-3.693519115447998047e+00
4.250257015228271484e+00
-2.466210365295410156e+00
3.925075531005859375e+00
2.617815732955932617e+00
1.650884270668029785e+00
4.805977821350097656e+00
1.095056295394897461e+00
