3.973344087600708008e+00
-2.922674655914306641e+00
-3.001532554626464844e+00
-1.591160416603088379e+00
4.233227252960205078e+00
-9.366546273231506348e-01
-4.485088825225830078e+00
3.800978660583496094e+00
-2.342879056930541992e+00
4.395568370819091797e+00
-1.939906954765319824e+00
1.604490518569946289e+00
-2.445215463638305664e+00
1.869660735130310059e+00
5.165560841560363770e-01
2.516202211380004883e+00
-5.022495985031127930e-01
-4.735353946685791016e+00
2.148566722869873047e+00
-4.357687532901763916e-01
-1.751358509063720703e+00
-3.024776935577392578e+00
3.079185247421264648e+00
-1.238739132881164551e+00
-2.027900457382202148e+00
-1.370795369148254395e+00
-4.693741798400878906e+00
-4.620105266571044922e+00
4.571509361267089844e+00
1.003531336784362793e+00
