-2.007790803909301758e+00
4.204033374786376953e+00
-1.281994223594665527e+00
3.750399589538574219e+00
-6.312345266342163086e-01
-9.020791947841644287e-02
-4.308695793151855469e+00
2.991811513900756836e+00
6.866266727447509766e-01
4.252836227416992188e+00
-5.162792205810546875e-01
3.461964845657348633e+00
5.901693105697631836e-01
-1.032547593116760254e+00
8.503608703613281250e-01
4.803835391998291016e+00
1.275410413742065430e+00
1.604596257209777832e+00
-5.743612051010131836e-01
-4.887928962707519531e+00
1.821041256189346313e-01
-2.713770866394042969e+00
-3.740650415420532227e+00
1.272581100463867188e+00
-1.743431210517883301e+00
2.225570678710937500e+00
-1.823760509490966797e+00
-4.827059268951416016e+00
-9.957045912742614746e-01
-4.917071819305419922e+00
