-9.011569023132324219e-01
-8.465648442506790161e-02
4.631948471069335938e+00
3.222043991088867188e+00
2.102092742919921875e+00
-2.844348430633544922e+00
3.763229846954345703e+00
9.810906052589416504e-01
-2.041189432144165039e+00
-1.205243110656738281e+00
-9.511396884918212891e-01
-2.878155708312988281e+00
-4.987115383148193359e+00
-2.587633728981018066e-01
-3.620959043502807617e+00
3.948332786560058594e+00
1.368501067161560059e+00
-5.536926165223121643e-02
-3.040253639221191406e+00
-4.621192932128906250e+00
-3.263131380081176758e+00
-3.914080142974853516e+00
3.686572790145874023e+00
-3.102716922760009766e+00
-3.891571998596191406e+00
1.151973485946655273e+00
8.454235792160034180e-01
1.147518754005432129e+00
4.053822517395019531e+00
7.576414942741394043e-01
