4.569341838359832764e-01
1.692803025245666504e+00
2.512962341308593750e+00
4.483425617218017578e+00
3.407867670059204102e+00
4.978516101837158203e+00
1.494277119636535645e-01
-5.292052030563354492e-01
-3.331220388412475586e+00
1.205636486411094666e-01
4.182738304138183594e+00
3.259993314743041992e+00
1.224278569221496582e+00
-2.080607891082763672e+00
-4.399921894073486328e+00
1.550550818443298340e+00
-2.440217971801757812e+00
-8.397023379802703857e-02
-4.285050868988037109e+00
5.389866232872009277e-01
4.301119804382324219e+00
2.620551347732543945e+00
1.992700338363647461e+00
4.563175678253173828e+00
-3.595818996429443359e+00
2.714739561080932617e+00
1.689145445823669434e+00
3.836167097091674805e+00
4.503195762634277344e+00
1.301958799362182617e+00
