-3.987312793731689453e+00
-2.883593082427978516e+00
3.888494729995727539e+00
1.906276226043701172e+00
3.251902103424072266e+00
7.759392261505126953e-01
2.486840248107910156e+00
-4.351427555084228516e+00
3.414814472198486328e+00
4.276897430419921875e+00
3.625097990036010742e+00
-2.405675411224365234e+00
-4.519397258758544922e+00
2.682931661605834961e+00
-8.584268689155578613e-01
-2.112453222274780273e+00
9.805579781532287598e-01
-7.030421495437622070e-01
2.977679729461669922e+00
-4.101808547973632812e+00
-3.771123170852661133e+00
9.998275637626647949e-01
4.504897117614746094e+00
1.934371232986450195e+00
4.639341354370117188e+00
-2.573085784912109375e+00
9.192678332328796387e-01
4.115947723388671875e+00
-2.300002813339233398e+00
1.249006509780883789e+00
