4.309339523315429688e+00
2.691147327423095703e+00
-1.546543538570404053e-01
-3.153790533542633057e-01
6.423441767692565918e-01
6.898927688598632812e-02
-2.714950442314147949e-01
3.405996799468994141e+00
5.610979795455932617e-01
-7.746109366416931152e-01
-3.215541362762451172e+00
3.189254522323608398e+00
-3.402683883905410767e-02
4.751358985900878906e+00
-1.875972151756286621e+00
-1.857705831527709961e+00
2.672146558761596680e+00
3.845201432704925537e-02
2.894144132733345032e-02
-3.266419410705566406e+00
-2.399562597274780273e+00
1.573605775833129883e+00
-2.482490062713623047e+00
-4.822133541107177734e+00
2.102421998977661133e+00
1.811951398849487305e+00
1.658076941967010498e-01
5.592133402824401855e-01
-3.319856882095336914e+00
2.582469701766967773e+00
