2.362634897232055664e+00
-3.640877246856689453e+00
-2.043919801712036133e+00
-8.404283523559570312e-01
1.971653819084167480e+00
7.626029849052429199e-01
1.154424548149108887e+00
3.667155981063842773e+00
1.373581767082214355e+00
4.338893890380859375e+00
-3.337765932083129883e+00
4.905922889709472656e+00
-3.907630443572998047e+00
4.023017883300781250e+00
1.684584975242614746e+00
-5.625836849212646484e-01
-2.638546228408813477e+00
1.443551301956176758e+00
7.249835133552551270e-01
4.963643550872802734e+00
-2.605953693389892578e+00
-1.604977488517761230e+00
3.304619789123535156e+00
-2.090823888778686523e+00
-1.823497414588928223e+00
9.354980587959289551e-01
-1.457583308219909668e+00
4.612613201141357422e+00
-2.304964780807495117e+00
2.434755802154541016e+00
