1.587828993797302246e+00
2.854787588119506836e+00
4.975379407405853271e-01
3.624611616134643555e+00
-5.805615186691284180e-01
-3.494523525238037109e+00
-3.371275663375854492e+00
2.586670875549316406e+00
-9.044399112462997437e-02
3.434481620788574219e+00
3.364824533462524414e+00
3.841156959533691406e+00
4.936686515808105469e+00
3.806525945663452148e+00
1.642175078392028809e+00
-1.616851329803466797e+00
-2.138974428176879883e+00
-2.068048715591430664e+00
-2.229946136474609375e+00
-3.284045934677124023e+00
8.030763864517211914e-01
1.073397994041442871e+00
-2.007556676864624023e+00
-1.513259112834930420e-01
6.702858209609985352e-01
3.866221904754638672e+00
2.624707221984863281e+00
-2.862685441970825195e+00
-4.402772426605224609e+00
-1.493502974510192871e+00
