-1.504783984273672104e-02
-8.195691704750061035e-01
-3.510617256164550781e+00
-1.736382722854614258e+00
-1.650117993354797363e+00
1.849372744560241699e+00
4.118098258972167969e+00
3.723343610763549805e+00
-4.911498069763183594e+00
3.579970598220825195e+00
3.571459531784057617e+00
1.307956099510192871e+00
3.232936143875122070e+00
-4.648720741271972656e+00
1.213304400444030762e+00
-4.732446372509002686e-01
-4.886468648910522461e-01
-4.801616668701171875e+00
4.920985698699951172e+00
-6.334574520587921143e-02
1.952050626277923584e-01
4.542182922363281250e+00
-1.418002367019653320e+00
-2.036204099655151367e+00
-5.341209173202514648e-01
-3.025177717208862305e+00
2.777385234832763672e+00
-2.499662637710571289e+00
-2.782814979553222656e+00
4.457771778106689453e+00
