9.776371121406555176e-01
4.840240478515625000e+00
-4.757856845855712891e+00
-3.199800491333007812e+00
-3.542440652847290039e+00
-2.228767633438110352e+00
3.300898551940917969e+00
4.328981876373291016e+00
2.182561397552490234e+00
1.712756991386413574e+00
2.166943073272705078e+00
7.341994047164916992e-01
4.857159614562988281e+00
3.715648174285888672e+00
3.993932723999023438e+00
-4.201205253601074219e+00
4.683424949645996094e+00
4.815581321716308594e+00
-3.340127468109130859e+00
-2.815920352935791016e+00
-2.549499273300170898e-01
-2.496862173080444336e+00
2.811150789260864258e+00
-2.100642919540405273e+00
-1.936699628829956055e+00
-3.102737426757812500e+00
-3.688588857650756836e+00
-3.318057775497436523e+00
-3.838539123535156250e-01
4.432979583740234375e+00
