6.129792928695678711e-01
6.478453874588012695e-01
-8.048434555530548096e-02
4.688205718994140625e+00
1.844567298889160156e+00
1.336435556411743164e+00
-4.499831676483154297e+00
2.571146249771118164e+00
-5.725262165069580078e-01
-2.284136772155761719e+00
3.980365276336669922e+00
3.856362581253051758e+00
3.267153739929199219e+00
-2.989645004272460938e+00
3.195105791091918945e+00
-3.381181135773658752e-02
-9.228743910789489746e-01
3.252926588058471680e+00
-9.103873372077941895e-01
-1.004329085350036621e+00
-3.983825922012329102e+00
7.514461278915405273e-01
1.842174530029296875e+00
-1.954823285341262817e-01
-9.728323817253112793e-01
-1.388795375823974609e+00
9.632775187492370605e-01
4.223819732666015625e+00
4.644352912902832031e+00
1.737893581390380859e+00
