4.959507465362548828e+00
2.980144262313842773e+00
-2.876257598400115967e-01
3.686054795980453491e-02
6.018325686454772949e-02
-1.872925519943237305e+00
-4.846725463867187500e-01
-1.284596323966979980e+00
-4.930365562438964844e+00
1.395836830139160156e+00
-1.622907519340515137e+00
4.209729671478271484e+00
-4.167618453502655029e-01
1.642400860786437988e+00
9.234655648469924927e-02
-3.812089920043945312e+00
1.617371082305908203e+00
1.376623988151550293e+00
3.327736616134643555e+00
-2.548133850097656250e+00
-2.201641798019409180e+00
3.477999687194824219e+00
-6.697687506675720215e-01
1.146029114723205566e+00
4.466900348663330078e+00
-2.753501415252685547e+00
-4.197975635528564453e+00
-4.885938167572021484e+00
2.822796344757080078e+00
2.765594482421875000e+00
