1.417992115020751953e+00
3.486624240875244141e+00
1.308944463729858398e+00
2.992398500442504883e+00
1.931610822677612305e+00
1.791746139526367188e+00
-3.648880958557128906e+00
-2.743808269500732422e+00
-4.168319225311279297e+00
-4.562337875366210938e+00
3.831055164337158203e+00
-2.446127653121948242e+00
-9.993749260902404785e-01
3.137604475021362305e+00
4.096931457519531250e+00
-1.723673790693283081e-01
-3.192942857742309570e+00
3.896186351776123047e+00
-4.552244186401367188e+00
2.621057271957397461e+00
-4.168477058410644531e+00
-1.122084617614746094e+00
2.955262899398803711e+00
-3.247398376464843750e+00
2.375595331192016602e+00
-6.183608174324035645e-01
-4.689176082611083984e-01
2.813744783401489258e+00
-2.453639268875122070e+00
-2.196983814239501953e+00
