-3.540355205535888672e+00
6.871527433395385742e-01
-8.800346255302429199e-01
6.516820192337036133e-01
2.594207525253295898e+00
-2.107786759734153748e-02
-1.439358830451965332e+00
-2.440586566925048828e+00
-3.549910783767700195e-01
-7.592630982398986816e-01
-1.536022305488586426e+00
7.207462191581726074e-01
1.825899720191955566e+00
4.418808937072753906e+00
2.917468786239624023e+00
-3.840193271636962891e+00
1.204728841781616211e+00
-3.937907695770263672e+00
-4.572707653045654297e+00
-4.372771739959716797e+00
-1.421447515487670898e+00
-3.832502126693725586e+00
-2.066628694534301758e+00
3.475104570388793945e+00
-3.014289140701293945e+00
-4.833844184875488281e+00
4.257218837738037109e+00
3.229511260986328125e+00
-2.741335153579711914e+00
1.438985705375671387e+00
