3.549215555191040039e+00
1.774880766868591309e+00
-3.511866331100463867e+00
-1.543043017387390137e+00
4.580850601196289062e+00
-4.623085021972656250e+00
3.419402837753295898e+00
1.745484948158264160e+00
-2.116134166717529297e+00
1.559036135673522949e+00
9.788702428340911865e-02
-3.082386732101440430e+00
-2.635117530822753906e+00
-2.626810312271118164e+00
-1.745449185371398926e+00
-1.622715473175048828e+00
-4.098433971405029297e+00
-4.894433021545410156e+00
-3.705582320690155029e-01
3.817158192396163940e-02
-2.382134199142456055e+00
-1.775280714035034180e+00
2.109358310699462891e+00
6.073360517621040344e-02
3.890175104141235352e+00
-2.684060573577880859e+00
-8.067716956138610840e-01
-4.343266963958740234e+00
-1.327102184295654297e+00
-1.114657521247863770e+00
