-4.584655284881591797e+00
1.244065642356872559e+00
1.473170995712280273e+00
-4.238769054412841797e+00
1.930124163627624512e+00
3.990267276763916016e+00
-2.488052606582641602e+00
-3.629948854446411133e+00
-4.268533706665039062e+00
-3.065861940383911133e+00
-2.231831073760986328e+00
-3.667981624603271484e+00
-4.190388202667236328e+00
-2.135907411575317383e+00
2.105862140655517578e+00
3.489360570907592773e+00
2.282411575317382812e+00
-2.780558109283447266e+00
2.732979774475097656e+00
6.353093385696411133e-01
1.057116985321044922e+00
-2.141958624124526978e-01
1.828500926494598389e-01
5.591471791267395020e-01
-4.965424239635467529e-01
-2.606359243392944336e+00
-1.435419201850891113e+00
3.462079524993896484e+00
-2.933493375778198242e+00
-2.272354364395141602e+00
