-3.697805404663085938e-01
-4.266801357269287109e+00
4.660553932189941406e+00
-1.875914931297302246e+00
-3.637480735778808594e+00
1.651926398277282715e+00
2.446954488754272461e+00
-2.540791749954223633e+00
3.286397933959960938e+00
-1.353802561759948730e+00
4.000707149505615234e+00
-4.267739772796630859e+00
-1.454437017440795898e+00
-1.702002286911010742e+00
-1.798192501068115234e+00
-4.478866100311279297e+00
4.918079853057861328e+00
1.371353387832641602e+00
5.001362562179565430e-01
4.554761409759521484e+00
1.787519454956054688e+00
1.673286795616149902e+00
-3.437463998794555664e+00
-3.473640680313110352e+00
2.984924316406250000e+00
2.882648408412933350e-01
-3.329536199569702148e+00
3.795465707778930664e+00
-4.515578746795654297e+00
3.514599800109863281e+00
