4.101479053497314453e-01
3.162771701812744141e+00
-2.727583646774291992e+00
6.420367956161499023e-01
-2.120549917221069336e+00
2.485991239547729492e+00
3.534400939941406250e+00
-3.555594682693481445e-01
2.203940868377685547e+00
4.972370624542236328e+00
-4.261695861816406250e+00
8.741490840911865234e-01
-4.933156013488769531e+00
2.091945409774780273e+00
-1.530455499887466431e-01
6.344428062438964844e-01
2.588896036148071289e+00
4.381461143493652344e+00
4.841949939727783203e+00
-1.076762750744819641e-01
-3.475932598114013672e+00
1.964925885200500488e+00
1.324965834617614746e+00
-1.056532859802246094e+00
4.151873111724853516e+00
-3.534501552581787109e+00
-2.127791345119476318e-01
3.320158481597900391e+00
4.099462509155273438e+00
3.239487171173095703e+00
