2.166167050600051880e-01
1.024508714675903320e+00
-4.751069545745849609e+00
2.564258813858032227e+00
-1.428091883659362793e+00
3.716578245162963867e+00
1.088956236839294434e+00
-4.545117378234863281e+00
-2.381755590438842773e+00
5.849917531013488770e-01
-2.611563205718994141e+00
1.963599443435668945e+00
2.593892097473144531e+00
2.599052190780639648e-01
-4.117319107055664062e+00
-8.902598917484283447e-02
-2.263132095336914062e+00
3.295495748519897461e+00
4.488784790039062500e+00
-6.451703310012817383e-01
2.133488416671752930e+00
3.935034990310668945e+00
4.529890060424804688e+00
1.216057896614074707e+00
3.092854738235473633e+00
-3.917376995086669922e+00
4.105068147182464600e-01
4.330488443374633789e-01
-3.912353515625000000e+00
3.397328138351440430e+00
