5.920968055725097656e-01
-3.299030542373657227e+00
-1.943048000335693359e+00
-1.680983781814575195e+00
-1.728798866271972656e+00
3.147274255752563477e-01
3.049390792846679688e+00
-4.220087528228759766e+00
-8.259902596473693848e-01
-5.114781260490417480e-01
-1.476642489433288574e+00
4.515853881835937500e+00
2.270703554153442383e+00
-4.539349555969238281e+00
6.732260584831237793e-01
3.887612342834472656e+00
4.472656250000000000e+00
4.663325309753417969e+00
-4.020064696669578552e-02
-7.111054062843322754e-01
1.236322164535522461e+00
-1.945541739463806152e+00
4.123649120330810547e+00
-4.030689716339111328e+00
-8.459600210189819336e-01
1.566334843635559082e+00
-2.046751976013183594e+00
-3.702455520629882812e+00
-1.208251476287841797e+00
-3.490866661071777344e+00
