2.715146541595458984e-01
2.466506242752075195e+00
-6.364573836326599121e-01
2.722233235836029053e-01
-3.486628532409667969e-01
-4.064689159393310547e+00
-4.954370975494384766e+00
3.026053428649902344e+00
3.344503164291381836e+00
8.134069293737411499e-02
3.649183034896850586e+00
-2.484598636627197266e+00
2.994872331619262695e+00
-6.436047554016113281e-01
-4.121859073638916016e+00
-1.927939295768737793e+00
9.666767716407775879e-01
-8.764280676841735840e-01
5.844960212707519531e-01
3.143821001052856445e+00
2.216503620147705078e+00
2.220400094985961914e+00
9.276614785194396973e-01
1.604980826377868652e+00
-1.017033338546752930e+00
-3.012468218803405762e-01
-2.445103645324707031e+00
7.283951044082641602e-01
1.192840263247489929e-01
-1.009927988052368164e+00
