-2.853268146514892578e+00
4.578927993774414062e+00
-4.619260311126708984e+00
-4.910643577575683594e+00
3.393522739410400391e+00
2.221332073211669922e+00
-3.521531820297241211e+00
-4.821426391601562500e+00
-4.312120914459228516e+00
-2.127805233001708984e+00
3.693021535873413086e+00
1.581887483596801758e+00
-3.494369983673095703e+00
1.797524213790893555e+00
2.742885351181030273e+00
2.109831809997558594e+00
-9.718984961509704590e-01
-1.249069049954414368e-01
4.382435381412506104e-01
2.000939846038818359e+00
-4.903534889221191406e+00
1.820577859878540039e+00
1.449680089950561523e+00
4.191755771636962891e+00
-1.071968898177146912e-01
5.146755576133728027e-01
3.944571018218994141e+00
-3.240399360656738281e+00
1.019418120384216309e+00
4.413439273834228516e+00
