-1.364629507064819336e+00
3.119788408279418945e+00
1.899810552597045898e+00
4.088111877441406250e+00
3.509200096130371094e+00
-1.367317080497741699e+00
1.905000209808349609e+00
-1.157967329025268555e+00
-1.563292741775512695e+00
6.963688731193542480e-01
2.519855737686157227e+00
6.935255229473114014e-02
3.476830959320068359e+00
8.854798227548599243e-02
-1.228465437889099121e-01
3.482520341873168945e+00
7.260290980339050293e-01
-4.090575218200683594e+00
2.311752319335937500e+00
-9.987135529518127441e-01
2.635300755500793457e-01
-2.732378005981445312e+00
1.945179581642150879e+00
4.663122177124023438e+00
-3.962965488433837891e+00
4.512445449829101562e+00
2.972464084625244141e+00
-3.160451173782348633e+00
-1.838760852813720703e+00
2.919531583786010742e+00
