-1.841203093528747559e+00
-2.326594591140747070e+00
-3.648071765899658203e+00
2.625687837600708008e+00
3.747617006301879883e+00
3.317281007766723633e+00
4.162214756011962891e+00
2.902245521545410156e+00
-4.388539314270019531e+00
-7.800410389900207520e-01
-3.970432996749877930e+00
2.588971138000488281e+00
-1.010424718260765076e-01
4.335750102996826172e+00
-3.351357460021972656e+00
-1.709874629974365234e+00
-3.644459009170532227e+00
4.231338024139404297e+00
-2.114008426666259766e+00
2.212445974349975586e+00
-7.442364841699600220e-02
1.963916182518005371e+00
2.993294715881347656e+00
7.594354748725891113e-01
4.607842117547988892e-02
-2.136617183685302734e+00
4.675639152526855469e+00
3.851381778717041016e+00
1.833450317382812500e+00
-4.070119380950927734e+00
