-2.041304111480712891e+00
1.893332242965698242e+00
2.716026544570922852e+00
4.849357604980468750e+00
-6.398505568504333496e-01
2.912977695465087891e+00
-3.281930088996887207e-01
-1.971131205558776855e+00
1.134105086326599121e+00
2.699277162551879883e+00
2.260369777679443359e+00
3.765557527542114258e+00
-4.215552330017089844e+00
-9.383472800254821777e-01
-4.787675380706787109e+00
1.282130181789398193e-01
8.569362014532089233e-02
3.067862033843994141e+00
3.084296703338623047e+00
1.850090026855468750e+00
4.441726207733154297e+00
-2.874522209167480469e+00
-4.210716187953948975e-01
1.022583007812500000e+00
1.624872565269470215e+00
-3.691002130508422852e+00
-3.626176342368125916e-02
-4.745258331298828125e+00
-2.351975679397583008e+00
-2.098131418228149414e+00
