2.391186952590942383e+00
3.838145494461059570e+00
-2.877828121185302734e+00
-3.208335638046264648e-01
4.262614727020263672e+00
1.585419535636901855e+00
-2.481413602828979492e+00
-1.889830112457275391e+00
-1.869832038879394531e+00
-5.193781256675720215e-01
-7.136980891227722168e-01
-3.363121032714843750e+00
2.651015281677246094e+00
-3.249965310096740723e-01
1.411939412355422974e-01
-4.688955783843994141e+00
-1.253673315048217773e+00
-1.025053620338439941e+00
-2.577021360397338867e+00
-1.147880196571350098e+00
4.273962020874023438e+00
1.952496051788330078e+00
2.608608007431030273e+00
1.239285707473754883e+00
4.210155487060546875e+00
-1.026743650436401367e+00
4.825405776500701904e-02
2.579272687435150146e-01
2.879403352737426758e+00
-1.588720232248306274e-01
