4.430223941802978516e+00
4.156458854675292969e+00
2.338742971420288086e+00
-2.949155330657958984e+00
4.682377815246582031e+00
1.448629349470138550e-01
-4.949537754058837891e+00
-3.141960382461547852e+00
-4.089900493621826172e+00
1.247371912002563477e+00
6.651589274406433105e-01
-2.289209604263305664e+00
4.989645004272460938e+00
5.660150647163391113e-01
-3.027830600738525391e+00
-3.047641754150390625e+00
1.222659826278686523e+00
-2.852217912673950195e+00
-4.797205924987792969e+00
2.049428224563598633e+00
4.138987064361572266e-01
-4.152103900909423828e+00
-1.859860062599182129e+00
1.924604415893554688e+00
-4.385053157806396484e+00
1.634061455726623535e+00
-2.476811647415161133e+00
5.841267108917236328e-01
-2.049309730529785156e+00
5.557386875152587891e-01
