-4.717280387878417969e+00
-2.311877720057964325e-02
2.603175163269042969e+00
2.953356742858886719e+00
2.232634305953979492e+00
-4.401478767395019531e+00
-2.454642534255981445e+00
4.737028121948242188e+00
-2.428127765655517578e+00
2.543211281299591064e-01
-2.548996925354003906e+00
-3.860162198543548584e-01
-9.950486421585083008e-01
1.362398624420166016e+00
4.062157154083251953e+00
-2.427370786666870117e+00
2.553933382034301758e+00
3.833764076232910156e+00
-3.063789606094360352e+00
-1.467921137809753418e+00
2.804277420043945312e+00
4.668757915496826172e+00
-2.717730045318603516e+00
-3.695396423339843750e+00
3.449993610382080078e+00
-1.514654517173767090e+00
3.636093378067016602e+00
1.019813120365142822e-01
-1.099734425544738770e+00
-4.072466850280761719e+00
