1.719688773155212402e+00
1.570087373256683350e-01
3.497539520263671875e+00
-1.789212226867675781e+00
-4.371703147888183594e+00
3.891993522644042969e+00
-1.797226190567016602e+00
6.122505664825439453e-01
4.996177673339843750e+00
-9.059865474700927734e-01
7.910753488540649414e-01
1.390874862670898438e+00
2.679796934127807617e+00
-2.642656326293945312e+00
3.915647983551025391e+00
9.271223843097686768e-02
-4.364983558654785156e+00
4.172756895422935486e-02
3.624522686004638672e+00
3.357271432876586914e+00
-4.544580459594726562e+00
1.800022840499877930e+00
1.621760487556457520e+00
-4.959516048431396484e+00
-1.513082146644592285e+00
-1.213134169578552246e+00
-3.733727693557739258e+00
-1.267949461936950684e+00
-1.632724404335021973e+00
-4.352427482604980469e+00
