-1.229149103164672852e+00
-1.434014320373535156e+00
-1.575129032135009766e+00
-3.967027425765991211e+00
-3.989590883255004883e+00
-3.021025419235229492e+00
-1.968901276588439941e+00
4.746825218200683594e+00
-1.513170719146728516e+00
-1.997160911560058594e+00
-2.028822898864746094e+00
4.362796306610107422e+00
-3.527197837829589844e+00
-3.902050733566284180e+00
5.257712602615356445e-01
2.069900751113891602e+00
-4.812530517578125000e+00
2.433437347412109375e+00
-1.825489401817321777e+00
3.227832555770874023e+00
3.116956949234008789e+00
3.556380510330200195e+00
-1.948607325553894043e+00
3.070277929306030273e+00
4.408411979675292969e+00
-1.815532922744750977e+00
-4.597123146057128906e+00
-7.891054749488830566e-01
-4.145922660827636719e-01
-1.878747344017028809e+00
