8.099648952484130859e-01
1.504282832145690918e+00
-9.715150110423564911e-03
-5.877698063850402832e-01
4.880304336547851562e+00
-4.617743492126464844e+00
2.776283323764801025e-01
-1.155129671096801758e+00
-1.415050983428955078e+00
-3.073865652084350586e+00
-2.496289253234863281e+00
1.701867938041687012e+00
3.131484508514404297e+00
-1.691263675689697266e+00
1.745336055755615234e+00
2.262764453887939453e+00
2.172091245651245117e+00
3.718184947967529297e+00
1.353883624076843262e+00
-7.839882373809814453e-01
4.305500030517578125e+00
2.754610538482666016e+00
1.468106627464294434e+00
-4.084616661071777344e+00
-4.054793834686279297e+00
-6.377632021903991699e-01
2.104162454605102539e+00
-4.624924063682556152e-01
1.943637967109680176e+00
3.550429821014404297e+00
