-2.090568244457244873e-01
2.891886234283447266e-01
4.748004913330078125e+00
-5.684980750083923340e-01
4.207641124725341797e+00
8.066120147705078125e-01
3.252139568328857422e+00
1.459079027175903320e+00
4.237565994262695312e+00
2.651503801345825195e+00
-8.164566755294799805e-01
1.447515726089477539e+00
-4.398731708526611328e+00
-3.869703054428100586e+00
4.448904514312744141e+00
1.101482152938842773e+00
-1.624028444290161133e+00
4.357192039489746094e+00
8.647133111953735352e-01
-3.738484382629394531e+00
4.133282184600830078e+00
-3.836330890655517578e+00
-2.757397890090942383e-01
2.765817880630493164e+00
4.237276554107666016e+00
4.125180721282958984e+00
-1.698374629020690918e+00
-3.821567296981811523e+00
5.990689992904663086e-01
-4.983280003070831299e-01
