3.262342929840087891e+00
1.527745366096496582e+00
3.921908140182495117e+00
-2.297742515802383423e-01
-6.331131607294082642e-02
3.437297344207763672e-01
-6.479449868202209473e-01
-1.521581292152404785e+00
2.795416831970214844e+00
-4.824018955230712891e+00
-2.291093111038208008e+00
-1.837717056274414062e+00
9.361095428466796875e-01
-1.397261023521423340e+00
1.838777661323547363e+00
3.877738475799560547e+00
2.082694768905639648e+00
1.357490897178649902e+00
2.204891666769981384e-02
-4.078551292419433594e+00
2.601421833038330078e+00
-4.997188091278076172e+00
-3.131587207317352295e-01
4.499706268310546875e+00
3.117020606994628906e+00
3.065669775009155273e+00
-1.657227635383605957e+00
-3.331697225570678711e+00
2.852223515510559082e-01
-3.333282232284545898e+00
