2.084354400634765625e+00
4.285615444183349609e+00
-4.985578060150146484e+00
-2.336161851882934570e+00
2.006742238998413086e+00
4.305850982666015625e+00
2.206049919128417969e+00
2.126779556274414062e+00
-3.741507291793823242e+00
-4.937534809112548828e+00
4.581698417663574219e+00
-1.633790493011474609e+00
-1.180114507675170898e+00
-2.766675949096679688e+00
-3.346371173858642578e+00
1.379578858613967896e-01
-1.902551293373107910e+00
1.509999036788940430e+00
2.543154239654541016e+00
-4.079631328582763672e+00
3.327770709991455078e+00
-1.477603554725646973e+00
5.519108176231384277e-01
1.011877655982971191e-01
-1.078369259834289551e+00
-1.655873894691467285e+00
-1.053702116012573242e+00
-2.012897968292236328e+00
2.935819625854492188e+00
2.093415260314941406e+00
