-3.793715953826904297e+00
-1.770028710365295410e+00
-4.571177482604980469e+00
1.723075985908508301e+00
-2.213952064514160156e+00
-4.091152667999267578e+00
-1.465196609497070312e+00
1.920653223991394043e+00
3.267995357513427734e+00
1.011474058032035828e-01
4.702456951141357422e+00
-1.653007388114929199e+00
3.571055173873901367e+00
-3.222532272338867188e+00
-2.133808583021163940e-01
-4.704498291015625000e+00
-3.461916446685791016e+00
-1.741019606590270996e+00
-4.892646312713623047e+00
-1.929858803749084473e+00
-3.666170358657836914e+00
2.186370372772216797e+00
-2.535719871520996094e+00
3.739598512649536133e+00
1.831730008125305176e+00
2.618342876434326172e+00
-4.459689617156982422e+00
4.946729183197021484e+00
-4.047280848026275635e-01
-4.275056838989257812e+00
