4.321350574493408203e+00
-3.076386213302612305e+00
2.720629453659057617e+00
2.643111705780029297e+00
-7.520182430744171143e-02
-2.755164146423339844e+00
4.996044635772705078e+00
-4.620721817016601562e+00
-2.400784730911254883e+00
-3.403643131256103516e+00
3.060441255569458008e+00
-2.859345436096191406e+00
4.483552932739257812e+00
1.337797045707702637e+00
7.475109100341796875e-01
4.515779018402099609e+00
2.093165159225463867e+00
3.032003939151763916e-01
7.800852060317993164e-01
-4.000271856784820557e-01
-1.002474904060363770e+00
4.512443065643310547e+00
-3.295906066894531250e+00
1.690337419509887695e+00
-2.337223052978515625e+00
1.667483091354370117e+00
2.820733070373535156e+00
4.801336526870727539e-01
3.754313707351684570e+00
1.519245862960815430e+00
