-2.694224715232849121e-01
2.796415567398071289e+00
-5.232412815093994141e-01
6.744570136070251465e-01
-2.764547586441040039e+00
-2.039133071899414062e+00
-3.917058706283569336e+00
-3.471564650535583496e-01
4.161395072937011719e+00
-2.194933652877807617e+00
4.033460140228271484e+00
2.166962146759033203e+00
-1.903481364250183105e+00
1.225934848189353943e-01
1.211454391479492188e+00
-1.873208731412887573e-01
-1.330462455749511719e+00
3.522063970565795898e+00
-4.936309337615966797e+00
1.973932743072509766e+00
-1.230082750320434570e+00
1.840132951736450195e+00
2.856525897979736328e+00
1.927390098571777344e-01
2.191711425781250000e+00
4.328588962554931641e+00
-4.343904495239257812e+00
1.169036269187927246e+00
-2.625837087631225586e+00
-2.663914203643798828e+00
