2.220338821411132812e+00
4.671597480773925781e+00
-3.971860408782958984e+00
3.650259077548980713e-01
1.366778254508972168e+00
-9.384446740150451660e-01
4.733622550964355469e+00
-4.976715087890625000e+00
-3.796373009681701660e-01
1.899513483047485352e+00
-7.245941758155822754e-01
-3.485889136791229248e-01
3.320301055908203125e+00
-1.507592558860778809e+00
-6.983750462532043457e-01
5.249847844243049622e-02
-3.288833618164062500e+00
-2.003005504608154297e+00
1.068217277526855469e+00
-1.684855818748474121e+00
-1.992833733558654785e+00
8.844389915466308594e-01
1.336907505989074707e+00
-1.026639342308044434e+00
4.925760746002197266e+00
3.137299299240112305e+00
-4.696976184844970703e+00
-1.779647827148437500e+00
-4.819205760955810547e+00
-4.366482734680175781e+00
