3.070886611938476562e+00
-3.424510657787322998e-01
-2.920016050338745117e+00
4.139828205108642578e+00
3.979406833648681641e+00
4.429474353790283203e+00
4.972480297088623047e+00
1.484150141477584839e-01
-3.584625959396362305e+00
-2.145522594451904297e+00
-6.676857918500900269e-02
9.950915575027465820e-01
-2.501018345355987549e-01
2.414384603500366211e+00
1.745300173759460449e+00
1.199284672737121582e+00
4.953089714050292969e+00
-1.466377615928649902e+00
-2.287768602371215820e+00
-1.254616975784301758e+00
-4.197831451892852783e-01
-4.379686832427978516e+00
3.920767784118652344e+00
-4.608828067779541016e+00
3.281552553176879883e+00
-1.882380604743957520e+00
1.263891100883483887e+00
9.968547821044921875e-01
4.434203624725341797e+00
-1.073035597801208496e-01
