-2.791667699813842773e+00
-3.156461238861083984e+00
-3.921954929828643799e-01
-2.782508611679077148e+00
-3.032864093780517578e+00
-2.257649421691894531e+00
6.280687451362609863e-01
-4.776410579681396484e+00
-4.910479545593261719e+00
1.415467500686645508e+00
-3.695176541805267334e-01
4.107592582702636719e+00
2.523336887359619141e+00
1.672483086585998535e+00
1.178009510040283203e-01
3.876549243927001953e+00
-2.002948045730590820e+00
-3.585312843322753906e+00
2.082003951072692871e-01
-4.308076858520507812e+00
2.904452800750732422e+00
3.776640653610229492e+00
1.008906364440917969e+00
-2.851983785629272461e+00
-2.207784652709960938e+00
4.365898132324218750e+00
2.219272136688232422e+00
-1.185234487056732178e-01
-3.334259748458862305e+00
-3.316661357879638672e+00
