1.622841954231262207e+00
-1.391000866889953613e+00
-2.923722028732299805e+00
-1.998027682304382324e+00
-3.478708982467651367e+00
-4.366973400115966797e+00
4.779473841190338135e-01
4.556077003479003906e+00
-1.326901555061340332e+00
-1.185680270195007324e+00
-2.641682922840118408e-01
-9.834312200546264648e-01
3.944862261414527893e-02
-4.164155006408691406e+00
4.738326549530029297e+00
-1.706187129020690918e+00
1.050622582435607910e+00
-2.791288852691650391e+00
-5.796089172363281250e-01
4.771187782287597656e+00
1.888789772987365723e+00
1.691597700119018555e+00
-4.630589962005615234e+00
-3.403009176254272461e+00
-4.347396373748779297e+00
3.006661236286163330e-01
7.729583382606506348e-01
-2.198128461837768555e+00
3.381901741027832031e+00
-8.189445734024047852e-01
