-4.815224647521972656e+00
4.862582683563232422e+00
-2.608682155609130859e+00
4.579642772674560547e+00
-3.742581129074096680e+00
3.734504461288452148e+00
-1.651747465133666992e+00
1.316119670867919922e+00
-4.785215854644775391e+00
2.012923955917358398e+00
-4.420313835144042969e-01
-2.333729505538940430e+00
3.462501764297485352e+00
3.727322578430175781e+00
4.312498569488525391e+00
3.399693369865417480e-01
-3.275942802429199219e+00
4.006056785583496094e+00
2.699932575225830078e+00
2.788917124271392822e-01
-4.124000668525695801e-01
-2.755960941314697266e+00
2.728446125984191895e-01
-1.724770903587341309e+00
-3.636840581893920898e+00
2.521301507949829102e+00
-3.598935842514038086e+00
3.247516632080078125e+00
3.070937395095825195e-01
2.554759502410888672e+00
