3.031748533248901367e+00
1.349433541297912598e+00
-1.503467679023742676e+00
-2.836369276046752930e+00
-4.928172588348388672e+00
4.207219600677490234e+00
2.470715999603271484e+00
-2.502349615097045898e+00
-1.329438090324401855e+00
-1.330215930938720703e+00
1.966041564941406250e+00
4.441738128662109375e+00
-3.650850057601928711e+00
4.716391563415527344e+00
4.844079494476318359e+00
2.835357487201690674e-01
-4.542403221130371094e+00
-3.451576709747314453e+00
-2.202158212661743164e+00
9.720558524131774902e-01
2.848954916000366211e+00
7.549918293952941895e-01
4.264567375183105469e+00
-3.581959247589111328e+00
-1.588280558586120605e+00
-2.378072500228881836e+00
-3.118247509002685547e+00
3.675552606582641602e+00
-4.015321731567382812e+00
-2.457509279251098633e+00
