7.469811439514160156e-01
4.579860687255859375e+00
-1.439887881278991699e-01
4.825778961181640625e+00
4.012610912322998047e+00
1.734298229217529297e+00
-4.534068107604980469e-01
-2.109294176101684570e+00
2.454969644546508789e+00
-2.891175270080566406e+00
5.894569158554077148e-01
-1.069725513458251953e+00
4.239854335784912109e+00
-3.561248779296875000e+00
1.824235081672668457e+00
-1.396412849426269531e+00
-3.683136940002441406e+00
5.942040085792541504e-01
-3.124253749847412109e+00
2.799365997314453125e+00
1.663156509399414062e+00
3.740285873413085938e+00
-2.945528268814086914e+00
-1.215780615806579590e+00
-2.846816480159759521e-01
1.728600621223449707e+00
4.267864704132080078e+00
1.681510090827941895e+00
-4.822716236114501953e+00
-2.513845205307006836e+00
