-2.851909160614013672e+00
-3.943047523498535156e+00
-6.846013665199279785e-01
-5.183011293411254883e-01
3.308341503143310547e+00
1.780890703201293945e+00
-9.091864228248596191e-01
-4.233843326568603516e+00
-2.256642818450927734e+00
-4.961999893188476562e+00
-3.084789752960205078e+00
1.948866844177246094e+00
1.337988138198852539e+00
4.902546882629394531e+00
2.591975212097167969e+00
3.407577276229858398e+00
7.801161408424377441e-01
-1.519734978675842285e+00
-4.331912517547607422e+00
3.220096826553344727e+00
-8.448609709739685059e-01
1.060077100992202759e-01
4.141622543334960938e+00
2.067707777023315430e+00
-4.245691299438476562e+00
-2.117180109024047852e+00
-3.482385396957397461e+00
1.329478919506072998e-01
-4.981688499450683594e+00
4.806245803833007812e+00
