4.295687973499298096e-01
1.861672878265380859e+00
3.735970258712768555e+00
-4.347725868225097656e+00
-3.228891372680664062e+00
2.277240037918090820e+00
2.836553096771240234e+00
-3.314535856246948242e+00
1.727866530418395996e+00
1.429552078247070312e+00
-2.832026004791259766e+00
2.474194765090942383e+00
-1.062966346740722656e+00
-4.609784126281738281e+00
3.490789175033569336e+00
-1.931272149085998535e-01
1.613834023475646973e+00
-3.910693883895874023e+00
1.657337784767150879e+00
-4.525866508483886719e+00
2.600026845932006836e+00
3.506499290466308594e+00
7.090595960617065430e-01
-6.807126998901367188e-01
-7.390337586402893066e-01
1.801614314317703247e-01
3.518902540206909180e+00
2.821889221668243408e-01
7.602005004882812500e-01
1.194662213325500488e+00
