2.778023719787597656e+00
2.050099849700927734e+00
3.267441987991333008e+00
4.284077167510986328e+00
-4.087772846221923828e+00
2.600369155406951904e-01
4.684288978576660156e+00
-4.204329550266265869e-01
4.743451118469238281e+00
7.341647744178771973e-01
-4.017723560333251953e+00
-1.647848486900329590e+00
-3.978121876716613770e-01
-2.964323759078979492e+00
1.403521187603473663e-02
3.404974222183227539e+00
-3.621248006820678711e-01
3.679562807083129883e+00
1.489718317985534668e+00
7.544524669647216797e-01
3.228529691696166992e-01
-4.786374568939208984e+00
-2.441438436508178711e+00
-1.103582859039306641e+00
-2.093776226043701172e+00
-3.319977045059204102e+00
-1.241871118545532227e+00
4.377909749746322632e-02
-2.352357387542724609e+00
2.834578514099121094e+00
