7.211728096008300781e-01
-3.394175767898559570e+00
-3.055042743682861328e+00
4.852225780487060547e+00
-1.906956553459167480e+00
-2.761576175689697266e+00
4.767591953277587891e+00
-2.994979619979858398e+00
-4.272946357727050781e+00
-2.047216892242431641e+00
4.590836465358734131e-01
4.550767898559570312e+00
1.007990717887878418e+00
-4.182349205017089844e+00
2.274506807327270508e+00
3.664165973663330078e+00
3.319477319717407227e+00
-1.435065120458602905e-01
-5.723520517349243164e-01
-7.880362272262573242e-01
4.502173900604248047e+00
-2.522653818130493164e+00
1.873487591743469238e+00
2.136525869369506836e+00
1.668760776519775391e+00
-3.784399271011352539e+00
-2.412224709987640381e-01
3.206200599670410156e+00
-8.523550033569335938e-01
1.873213529586791992e+00
