-3.748633384704589844e+00
-2.809312343597412109e+00
-1.922333359718322754e+00
3.295788526535034180e+00
-3.203767061233520508e+00
3.492011725902557373e-01
1.766075968742370605e+00
4.129971981048583984e+00
-9.889447689056396484e-01
3.065182685852050781e+00
3.748548746109008789e+00
-2.466969490051269531e+00
-9.129402041435241699e-01
-1.183265328407287598e+00
3.239202260971069336e+00
3.906937599182128906e+00
2.280419349670410156e+00
-3.980984926223754883e+00
-3.139142274856567383e+00
4.532165050506591797e+00
4.078946590423583984e+00
2.531914949417114258e+00
7.156206965446472168e-01
4.452777385711669922e+00
-1.245423555374145508e+00
2.386737585067749023e+00
-4.363544464111328125e+00
-4.200319290161132812e+00
1.371380925178527832e+00
-2.309094071388244629e-01
