-3.048322916030883789e+00
-1.925606250762939453e+00
2.501157045364379883e+00
3.889544010162353516e+00
-1.932249546051025391e+00
1.419880986213684082e+00
1.854820966720581055e+00
-3.566048622131347656e+00
-3.514049649238586426e-01
4.486686229705810547e+00
1.366072654724121094e+00
-1.908240079879760742e+00
-2.378579378128051758e+00
-1.759199857711791992e+00
1.109436869621276855e+00
-1.127657055854797363e+00
1.019975900650024414e+00
-2.585754156112670898e+00
1.663266062736511230e+00
2.755169868469238281e+00
-3.634772777557373047e+00
4.641989231109619141e+00
-3.524507522583007812e+00
-1.085688948631286621e+00
3.870773077011108398e+00
4.792524337768554688e+00
-4.553821086883544922e+00
-7.169713973999023438e-01
4.219756722450256348e-01
-4.695623874664306641e+00
