1.945897340774536133e-01
-1.813970804214477539e+00
3.155791997909545898e+00
2.666732549667358398e+00
1.864144921302795410e+00
2.327950239181518555e+00
-3.134832143783569336e+00
-3.511279106140136719e+00
4.473078727722167969e+00
1.739029049873352051e+00
-4.112075328826904297e+00
-2.488777637481689453e+00
-3.782808542251586914e+00
4.003113269805908203e+00
3.291136264801025391e+00
3.142689228057861328e+00
1.682555437088012695e+00
-2.555733442306518555e+00
-9.566865563392639160e-01
4.300166606903076172e+00
4.838778674602508545e-01
-4.139278888702392578e+00
-1.631108373403549194e-01
4.287306368350982666e-01
-2.341084957122802734e+00
-4.101604938507080078e+00
-2.221192419528961182e-01
9.009273052215576172e-01
-1.902511715888977051e+00
-1.116876363754272461e+00
