3.302771568298339844e+00
-4.353864192962646484e+00
-4.490630149841308594e+00
-1.384597063064575195e+00
3.581815958023071289e+00
-3.262390613555908203e+00
1.302815198898315430e+00
-2.835502147674560547e+00
-1.278760552406311035e+00
-4.288364887237548828e+00
2.791375160217285156e+00
-4.649184226989746094e+00
3.418784618377685547e+00
4.859318256378173828e+00
2.274837732315063477e+00
-1.463782548904418945e+00
1.571646809577941895e+00
-1.920970559120178223e+00
-1.311911225318908691e+00
-3.937681674957275391e+00
-4.488203048706054688e+00
-2.438390016555786133e+00
-2.301369905471801758e+00
5.765180587768554688e-01
-3.329321146011352539e-01
2.809339761734008789e+00
3.448190689086914062e+00
1.909944176673889160e+00
4.738739967346191406e+00
-8.955889344215393066e-01
