-3.303881645202636719e+00
9.252487868070602417e-02
-2.511020898818969727e+00
-1.060161709785461426e+00
1.017051577568054199e+00
-3.836624860763549805e+00
6.684249043464660645e-01
-4.036337852478027344e+00
-1.956887483596801758e+00
-2.217554092407226562e+00
-4.179868221282958984e+00
3.882976531982421875e+00
3.212200164794921875e+00
-1.589174389839172363e+00
1.186172485351562500e+00
3.006661891937255859e+00
4.210387229919433594e+00
-7.563020586967468262e-01
-1.208210945129394531e+00
4.310309886932373047e+00
3.234487771987915039e+00
4.037756919860839844e+00
1.448718160390853882e-01
-2.373000621795654297e+00
2.902307510375976562e+00
2.489965200424194336e+00
3.416059732437133789e+00
-1.007750034332275391e+00
-1.000292539596557617e+00
9.575004577636718750e-01
