-2.563920497894287109e+00
1.366605281829833984e+00
9.868919849395751953e-01
3.530864715576171875e+00
-9.888944029808044434e-01
-3.746186256408691406e+00
2.317573547363281250e+00
-2.322235345840454102e+00
4.131570816040039062e+00
-3.279624462127685547e+00
-4.743326306343078613e-01
-2.760817289352416992e+00
-2.404649734497070312e+00
-3.625339508056640625e+00
-3.043331623077392578e+00
2.290881872177124023e+00
2.592692136764526367e+00
2.299312114715576172e+00
3.724500417709350586e+00
-2.962984800338745117e+00
2.830837011337280273e+00
1.898313760757446289e-01
-1.946030616760253906e+00
-1.243322372436523438e+00
1.750931143760681152e-01
3.300622701644897461e+00
-9.850744605064392090e-01
2.508716344833374023e+00
6.518934369087219238e-01
-3.449129581451416016e+00
