1.814752936363220215e+00
-1.562662124633789062e+00
-6.136577725410461426e-01
-3.750707387924194336e+00
2.133543252944946289e+00
3.640346765518188477e+00
-4.391345381736755371e-01
4.392082214355468750e+00
1.187661170959472656e+00
2.900219440460205078e+00
-1.497855186462402344e+00
2.001290082931518555e+00
3.860871315002441406e+00
1.638530254364013672e+00
-2.238400697708129883e+00
1.578711271286010742e-01
4.591539859771728516e+00
-2.769022226333618164e+00
1.989556252956390381e-01
-4.510462760925292969e+00
7.095371931791305542e-02
-4.624021530151367188e+00
4.309622764587402344e+00
7.793259024620056152e-01
3.567239522933959961e+00
-8.002184629440307617e-01
4.795423030853271484e+00
2.435218095779418945e+00
3.135485172271728516e+00
-4.021828651428222656e+00
