-1.398613333702087402e+00
3.738557100296020508e+00
1.058401942253112793e+00
9.920678138732910156e-01
5.859301686286926270e-01
2.729886531829833984e+00
-8.980711698532104492e-01
-2.117348194122314453e+00
4.109976887702941895e-01
2.341167688369750977e+00
-2.113466024398803711e+00
3.883317708969116211e+00
3.563461065292358398e+00
3.017283201217651367e+00
2.500508785247802734e+00
4.272523880004882812e+00
-3.700947999954223633e+00
-5.824151039123535156e-01
7.119433879852294922e-01
-2.522394180297851562e+00
3.547353506088256836e+00
4.350601196289062500e+00
-1.019405573606491089e-01
-1.760142683982849121e+00
3.587490081787109375e+00
-1.440552353858947754e+00
2.188004016876220703e+00
-1.895839571952819824e+00
2.254221200942993164e+00
2.443353652954101562e+00
