-3.265492320060729980e-01
-3.028510093688964844e+00
4.166329801082611084e-01
-7.597815394401550293e-01
6.910641193389892578e-01
-6.928094029426574707e-01
-3.294302225112915039e+00
-2.484603166580200195e+00
-2.857988476753234863e-01
-2.210051298141479492e+00
4.164307594299316406e+00
-3.451222181320190430e+00
1.016522049903869629e+00
3.902096748352050781e+00
-6.605242490768432617e-01
-2.754522323608398438e+00
4.352014541625976562e+00
-2.219269514083862305e+00
3.281591892242431641e+00
1.817477822303771973e+00
-3.613937854766845703e+00
2.739252090454101562e+00
-1.997625350952148438e+00
-4.891546249389648438e+00
2.693676710128784180e+00
-4.230527281761169434e-01
-3.226511240005493164e+00
-4.725023269653320312e+00
-3.079071760177612305e+00
3.401347160339355469e+00
