-4.888779163360595703e+00
-4.949899673461914062e+00
2.401051044464111328e+00
-3.356219530105590820e+00
4.386530876159667969e+00
2.454954534769058228e-01
4.289941310882568359e+00
-2.375761985778808594e+00
-2.336496353149414062e+00
1.223037123680114746e+00
-3.068966388702392578e+00
-3.247390270233154297e+00
6.265550255775451660e-01
2.307849168777465820e+00
1.917712688446044922e+00
1.476963050663471222e-02
-5.740864276885986328e-01
1.170483589172363281e+00
2.001097202301025391e+00
2.189523220062255859e+00
3.396661758422851562e+00
-1.948064208030700684e+00
4.790085315704345703e+00
3.259455442428588867e+00
-2.122627735137939453e+00
3.797984838485717773e+00
-2.937808513641357422e+00
1.226015925407409668e+00
2.223225593566894531e+00
1.921459078788757324e+00
