1.271038532257080078e+00
1.324401736259460449e+00
3.023377180099487305e+00
2.080569267272949219e+00
4.071018218994140625e+00
5.688216686248779297e-01
4.245151579380035400e-01
-4.178117275238037109e+00
1.854030489921569824e+00
3.421077251434326172e+00
8.394570350646972656e-01
1.315846681594848633e+00
-4.091947078704833984e+00
2.769481182098388672e+00
1.382374525070190430e+00
2.957854270935058594e+00
1.738879799842834473e+00
1.830408453941345215e+00
1.705218553543090820e+00
-4.188265800476074219e+00
2.640012264251708984e+00
-4.801462650299072266e+00
-3.091563701629638672e+00
-2.776467323303222656e+00
-2.468550682067871094e+00
4.269271373748779297e+00
-3.886373996734619141e+00
-3.230164527893066406e+00
-1.571611404418945312e+00
1.781017482280731201e-01
