-9.908243417739868164e-01
-1.944577217102050781e+00
-5.837096571922302246e-01
3.940237998962402344e+00
2.202087879180908203e+00
-1.647269129753112793e+00
-3.395818948745727539e+00
-1.420828580856323242e+00
-2.980966091156005859e+00
7.882553935050964355e-01
-1.457210540771484375e+00
-4.965862751007080078e+00
-1.349068641662597656e+00
1.722246259450912476e-01
-2.814517021179199219e+00
4.653451919555664062e+00
2.773136854171752930e+00
-2.235391139984130859e+00
-1.230059027671813965e+00
3.962459087371826172e+00
2.939170122146606445e+00
4.253107547760009766e+00
4.836921691894531250e+00
-4.653484821319580078e+00
3.400817155838012695e+00
-4.011375427246093750e+00
-8.582476973533630371e-01
-2.319830656051635742e+00
2.202162742614746094e-01
2.837022781372070312e+00
