4.014591693878173828e+00
4.951047897338867188e+00
-3.486448049545288086e+00
-2.595026254653930664e+00
4.068540096282958984e+00
-2.674401521682739258e+00
-4.809295177459716797e+00
1.809043407440185547e+00
2.292935848236083984e+00
1.958162188529968262e-01
3.569959402084350586e+00
4.288987636566162109e+00
3.500244140625000000e+00
1.359471678733825684e+00
-3.784011602401733398e+00
-1.359218239784240723e+00
-8.847849369049072266e-01
3.497062206268310547e+00
2.418736696243286133e+00
-2.654686689376831055e+00
4.475035190582275391e+00
2.843150854110717773e+00
2.683995962142944336e+00
-2.350113391876220703e+00
4.522066116333007812e+00
-4.307756900787353516e+00
-1.601575911045074463e-01
3.464047670364379883e+00
-3.607631921768188477e+00
-2.375784397125244141e+00
