4.914154052734375000e+00
2.737331092357635498e-01
-2.611231088638305664e+00
1.569872647523880005e-01
-3.673650264739990234e+00
-4.437872409820556641e+00
-4.612889766693115234e+00
2.698772668838500977e+00
3.834693670272827148e+00
3.506019115447998047e+00
3.768211364746093750e+00
1.341506123542785645e+00
1.633876711130142212e-01
-2.892892122268676758e+00
-1.524496912956237793e+00
2.331060886383056641e+00
1.139421105384826660e+00
-7.165175080299377441e-01
3.321191310882568359e+00
-1.365312695503234863e+00
-3.642505645751953125e+00
4.975067138671875000e+00
3.069885671138763428e-01
4.539851665496826172e+00
-4.851080894470214844e+00
4.917698860168457031e+00
3.695921182632446289e+00
-1.451457023620605469e+00
4.199429035186767578e+00
-3.284032940864562988e-01
