1.855699896812438965e+00
4.930293560028076172e+00
-4.529471397399902344e+00
-1.984089255332946777e+00
-4.209511280059814453e+00
4.144741535186767578e+00
-1.215624213218688965e+00
4.861988067626953125e+00
-3.081441640853881836e+00
4.291489124298095703e+00
-3.846139311790466309e-01
-1.669500112533569336e+00
-7.025508582592010498e-02
3.376920521259307861e-01
-9.382182359695434570e-01
-3.969241142272949219e+00
-9.729301929473876953e-01
4.242972850799560547e+00
-7.103375792503356934e-01
3.642217159271240234e+00
-1.271040797233581543e+00
-4.150622367858886719e+00
-4.028389453887939453e+00
4.408273696899414062e+00
1.337800979614257812e+00
1.526020020246505737e-01
-2.345408946275711060e-01
4.223897457122802734e+00
-2.988282740116119385e-01
4.130729198455810547e+00
