-1.278474926948547363e-01
4.055622100830078125e+00
-2.307123899459838867e+00
2.956509113311767578e+00
-3.603734374046325684e-01
1.302223205566406250e+00
2.209029674530029297e+00
1.589414000511169434e+00
6.873869299888610840e-01
-2.741745710372924805e-01
1.840781331062316895e+00
-4.420557022094726562e+00
-4.300926685333251953e+00
1.720102548599243164e+00
-1.369238138198852539e+00
4.792726993560791016e+00
4.712750434875488281e+00
-2.634749412536621094e+00
3.056919813156127930e+00
-1.542797803878784180e+00
3.986603498458862305e+00
-2.752634763717651367e+00
-1.783768892288208008e+00
2.496035337448120117e+00
-2.343318015336990356e-01
4.037247180938720703e+00
-2.898847579956054688e+00
1.033161282539367676e+00
2.798371791839599609e+00
-2.927268266677856445e+00
