-2.209431171417236328e+00
-3.612100839614868164e+00
-2.964161634445190430e+00
4.654758453369140625e+00
3.042758941650390625e+00
-3.534890890121459961e+00
-4.881402969360351562e+00
-1.473013043403625488e+00
3.159631252288818359e+00
-2.902731418609619141e+00
-1.686980485916137695e+00
2.759021997451782227e+00
-1.587695598602294922e+00
-4.455382823944091797e+00
-1.523851037025451660e+00
2.969022512435913086e+00
4.525389671325683594e+00
4.134494781494140625e+00
3.287221908569335938e+00
-2.325388431549072266e+00
1.838876605033874512e+00
-2.162255764007568359e+00
-3.813931465148925781e+00
4.737602233886718750e+00
4.518231749534606934e-01
-3.373375654220581055e+00
1.245454311370849609e+00
3.871027708053588867e+00
-2.912804603576660156e+00
-3.166166305541992188e+00
