-3.671880722045898438e+00
-2.938770055770874023e+00
4.880244731903076172e+00
-4.466427803039550781e+00
3.752148151397705078e+00
-3.946932315826416016e+00
4.743813037872314453e+00
4.180557250976562500e+00
3.056687355041503906e+00
4.896492362022399902e-01
2.388587713241577148e+00
-4.250725269317626953e+00
4.115082740783691406e+00
2.161360025405883789e+00
-1.664880871772766113e+00
2.507792226970195770e-02
-3.937961533665657043e-03
-3.167542934417724609e+00
-2.779835462570190430e+00
-4.178676605224609375e+00
-2.906059980392456055e+00
7.261418104171752930e-01
3.701669454574584961e+00
3.541673421859741211e+00
2.396678447723388672e+00
-4.469247817993164062e+00
-4.372808456420898438e+00
4.316172122955322266e+00
-3.973374605178833008e+00
-4.492996215820312500e+00
