4.897781372070312500e+00
2.744202136993408203e+00
-1.576987504959106445e+00
-4.284901142120361328e+00
1.703891515731811523e+00
2.258998155593872070e+00
9.378310292959213257e-02
-4.780400753021240234e+00
-2.616471052169799805e+00
-4.477508068084716797e+00
-1.624185919761657715e+00
-2.659055233001708984e+00
-1.198050975799560547e+00
-3.296447038650512695e+00
-4.949963569641113281e+00
-3.103288650512695312e+00
-3.721374511718750000e+00
3.994831085205078125e+00
-3.736179113388061523e+00
-4.323769569396972656e+00
-6.321502327919006348e-01
3.667753458023071289e+00
1.559673309326171875e+00
-2.328973770141601562e+00
-6.111180782318115234e-01
4.419088363647460938e+00
9.020948410034179688e-01
1.052361011505126953e+00
1.910685896873474121e+00
3.328031301498413086e+00
