2.446887016296386719e+00
-4.569008946418762207e-01
1.542589545249938965e+00
4.214786529541015625e+00
4.214343070983886719e+00
-3.598087072372436523e+00
-1.131068825721740723e+00
4.641147136688232422e+00
4.873982906341552734e+00
-1.142514824867248535e+00
3.864172220230102539e+00
-3.262796878814697266e+00
4.511931419372558594e+00
-8.287971019744873047e-01
4.661264419555664062e+00
9.236753582954406738e-01
-2.244452953338623047e+00
1.633013725280761719e+00
1.643774509429931641e+00
-1.414418935775756836e+00
2.873471736907958984e+00
-1.172469615936279297e+00
-4.240516185760498047e+00
2.661921262741088867e+00
4.792393207550048828e+00
4.829461574554443359e+00
-1.103423953056335449e+00
-6.055909395217895508e-01
-4.413760185241699219e+00
-4.639269828796386719e+00
