3.261176586151123047e+00
4.123419761657714844e+00
-3.951207399368286133e+00
-3.744532585144042969e+00
-4.394881725311279297e+00
-4.332417011260986328e+00
-1.743114590644836426e+00
-1.075738191604614258e+00
1.157595038414001465e+00
-1.827197670936584473e+00
-2.608629226684570312e+00
-1.869919300079345703e+00
-3.396916389465332031e+00
8.883014917373657227e-01
3.440943241119384766e+00
1.486242413520812988e+00
3.845439434051513672e+00
-5.208975076675415039e-01
-3.958355665206909180e+00
-2.686931371688842773e+00
-1.771785259246826172e+00
-2.367401361465454102e+00
-8.584619760513305664e-01
-1.816911578178405762e+00
3.374217987060546875e+00
-3.046463489532470703e+00
4.793027877807617188e+00
-1.766031026840209961e+00
4.587572097778320312e+00
3.154518365859985352e+00
