-3.102370202541351318e-01
-3.013078212738037109e+00
2.732013702392578125e+00
4.766036987304687500e+00
-3.545106172561645508e+00
4.168736457824707031e+00
2.041835069656372070e+00
-9.194851517677307129e-01
-2.003663539886474609e+00
-1.979009032249450684e+00
-2.816422939300537109e+00
-3.802696943283081055e+00
-2.907279014587402344e+00
4.139303684234619141e+00
-4.771613597869873047e+00
2.275960206985473633e+00
-4.155268669128417969e+00
-5.820207595825195312e-01
4.013310432434082031e+00
1.948213577270507812e+00
2.835273504257202148e+00
5.656339526176452637e-01
-2.490741729736328125e+00
3.686363697052001953e+00
2.939045190811157227e+00
3.709843158721923828e+00
1.950451850891113281e+00
-4.548655033111572266e+00
2.510909795761108398e+00
-2.347738742828369141e+00
