4.180179595947265625e+00
1.171191453933715820e+00
-2.178166389465332031e+00
-1.914427399635314941e+00
-4.110102176666259766e+00
4.555840015411376953e+00
5.174947977066040039e-01
3.991702795028686523e+00
-3.454594850540161133e+00
-4.532338142395019531e+00
-2.335449457168579102e+00
-4.437418878078460693e-01
-4.846212387084960938e+00
-9.439772963523864746e-01
-2.749064445495605469e+00
-3.527141094207763672e+00
-2.041576147079467773e+00
3.521530151367187500e+00
-4.812719345092773438e+00
4.380995273590087891e+00
1.093618273735046387e+00
-3.578816354274749756e-01
-4.223340988159179688e+00
3.995541572570800781e+00
3.511546850204467773e+00
-4.622277259826660156e+00
1.576085388660430908e-01
-3.638018608093261719e+00
1.525286912918090820e+00
1.861626863479614258e+00
