-2.046034336090087891e+00
-2.989658594131469727e+00
-4.005345821380615234e+00
-3.438801288604736328e+00
-1.447595953941345215e+00
1.530701994895935059e+00
-1.953526020050048828e+00
-4.880537509918212891e+00
1.508268237113952637e+00
-5.921710133552551270e-01
1.177704691886901855e+00
-3.441502571105957031e+00
2.117643594741821289e+00
2.466515541076660156e+00
2.831528902053833008e+00
-1.492510914802551270e+00
3.289587259292602539e+00
-1.527114391326904297e+00
-1.645831465721130371e+00
-1.842657208442687988e+00
-4.721115112304687500e+00
1.324592828750610352e+00
-7.495601773262023926e-01
4.795135021209716797e+00
-3.872205972671508789e+00
-6.360578816384077072e-03
9.660214781761169434e-01
3.517488718032836914e+00
2.146209955215454102e+00
-4.373767852783203125e+00
