-1.964195132255554199e+00
-3.746730089187622070e+00
3.164479494094848633e+00
-3.385738611221313477e+00
-2.791255712509155273e+00
4.857551097869873047e+00
2.170551538467407227e+00
-3.378787040710449219e+00
9.070460200309753418e-01
8.293606638908386230e-01
-2.902961015701293945e+00
-2.106231823563575745e-02
-3.943240642547607422e+00
3.550421714782714844e+00
2.511133193969726562e+00
-4.512847900390625000e+00
-3.482357263565063477e+00
-1.769588708877563477e+00
-7.183854281902313232e-02
-4.145401000976562500e+00
-3.670077562332153320e+00
1.459806442260742188e+00
4.090776443481445312e+00
-7.688738703727722168e-01
-1.701851606369018555e+00
1.883431553840637207e+00
-5.335677266120910645e-01
3.001649856567382812e+00
9.544354677200317383e-01
8.466733098030090332e-01
