-1.465319275856018066e+00
4.819487035274505615e-01
-3.375541448593139648e+00
2.930338382720947266e+00
-1.498220324516296387e+00
7.046630140393972397e-03
5.466801524162292480e-01
-2.460889816284179688e+00
-3.429485559463500977e+00
9.466870427131652832e-01
4.232881069183349609e+00
8.454039692878723145e-01
-4.007231712341308594e+00
1.272508978843688965e+00
1.187330484390258789e+00
-2.744253396987915039e+00
3.636072158813476562e+00
1.089722141623497009e-01
2.935246229171752930e+00
-1.653058171272277832e+00
-4.174006462097167969e+00
1.449861645698547363e+00
-4.972690641880035400e-01
4.069487094879150391e+00
-2.986714601516723633e+00
-3.720027208328247070e+00
3.666424274444580078e+00
-3.801897287368774414e+00
-1.757636070251464844e-01
1.657357096672058105e+00
