1.239145636558532715e+00
-4.082453250885009766e+00
6.917597055435180664e-01
4.870831012725830078e+00
4.055265903472900391e+00
-3.611871957778930664e+00
3.369889497756958008e+00
1.142551660537719727e+00
-2.768949508666992188e+00
-3.590148448944091797e+00
1.460764765739440918e+00
-4.891205310821533203e+00
-2.609798192977905273e+00
4.811172962188720703e+00
-4.239305496215820312e+00
-4.131366729736328125e+00
-1.588451147079467773e+00
7.224767804145812988e-01
3.248250722885131836e+00
-3.306480944156646729e-01
-1.025994658470153809e+00
-4.598308563232421875e+00
-4.920355319976806641e+00
3.330976486206054688e+00
-4.982787132263183594e+00
-3.824166059494018555e+00
-4.329866409301757812e+00
-4.641025543212890625e+00
2.134713411331176758e+00
1.597874760627746582e+00
