-3.371958255767822266e+00
-4.767376422882080078e+00
5.785704851150512695e-01
4.973347187042236328e+00
-3.946455478668212891e+00
-3.716999053955078125e+00
-3.990004539489746094e+00
3.748648643493652344e+00
-4.485315799713134766e+00
2.411418676376342773e+00
-3.880490735173225403e-02
3.700988292694091797e+00
3.153775691986083984e+00
4.104079246520996094e+00
-1.405387163162231445e+00
1.313180774450302124e-01
6.424008011817932129e-01
-2.094834327697753906e+00
3.378961563110351562e+00
-7.172350883483886719e-01
3.819767475128173828e+00
-4.818556785583496094e+00
3.451319456100463867e+00
1.208791017532348633e+00
1.605278253555297852e+00
-1.233732104301452637e+00
3.392945766448974609e+00
3.974581360816955566e-01
-4.271055698394775391e+00
4.973974227905273438e-01
