-1.046805381774902344e+00
-4.078984260559082031e+00
-3.777423143386840820e+00
4.110309123992919922e+00
-3.842427253723144531e+00
6.009671688079833984e-01
1.502392649650573730e+00
-5.462886095046997070e-01
1.880899071693420410e+00
-3.853750228881835938e+00
-3.611348390579223633e+00
2.882287263870239258e+00
7.739846408367156982e-02
-3.108566522598266602e+00
2.035727500915527344e+00
-3.752124309539794922e+00
3.245488405227661133e+00
4.173710346221923828e+00
9.894955158233642578e-01
3.640253782272338867e+00
-3.438139677047729492e+00
-1.172725558280944824e+00
-1.536856055259704590e+00
-1.880340576171875000e+00
-1.073680639266967773e+00
1.295602202415466309e+00
9.262281060218811035e-01
2.013601064682006836e+00
2.605982780456542969e+00
8.922289609909057617e-01
