-1.395805001258850098e+00
1.496314406394958496e+00
-4.850140571594238281e+00
-9.907935559749603271e-02
-1.165819764137268066e+00
8.921734690666198730e-01
3.943911552429199219e+00
-3.709894180297851562e+00
-3.242933511734008789e+00
1.829330682754516602e+00
6.666598916053771973e-01
-5.520666837692260742e-01
1.616300225257873535e+00
-3.658640623092651367e+00
-4.345166683197021484e+00
3.022521257400512695e+00
1.414340615272521973e+00
3.096702575683593750e+00
2.515742063522338867e+00
-2.919807910919189453e+00
2.432730346918106079e-01
-2.528611183166503906e+00
1.784683912992477417e-01
1.095840692520141602e+00
5.170568823814392090e-01
3.314985275268554688e+00
3.853402137756347656e+00
1.257802963256835938e+00
-1.531170010566711426e+00
1.248134851455688477e+00
