6.669214367866516113e-01
7.175294756889343262e-01
3.039211034774780273e+00
3.835304498672485352e+00
-1.185265421867370605e+00
1.968359470367431641e+00
1.115644454956054688e+00
9.217754006385803223e-01
1.933041334152221680e+00
3.713289499282836914e-01
-3.985893487930297852e+00
3.194025993347167969e+00
-4.153218746185302734e+00
-3.144241333007812500e+00
-2.816432476043701172e+00
-1.287126302719116211e+00
-1.334408879280090332e+00
3.532232522964477539e+00
-1.710824131965637207e+00
2.851716756820678711e+00
-3.818502902984619141e+00
-3.127371311187744141e+00
-8.688582479953765869e-02
4.974900245666503906e+00
6.292049288749694824e-01
1.820067018270492554e-01
6.604542732238769531e-01
-4.814759254455566406e+00
-4.458098411560058594e+00
1.272179603576660156e+00
