8.772290945053100586e-01
-1.792373061180114746e+00
3.028241693973541260e-01
1.027171492576599121e+00
1.353013753890991211e+00
-3.014021396636962891e+00
-3.559911489486694336e+00
-5.982081294059753418e-01
4.974448204040527344e+00
-4.003423690795898438e+00
-1.356984496116638184e+00
3.441963195800781250e+00
4.267302513122558594e+00
-1.257558345794677734e+00
9.643830060958862305e-01
-7.828680872917175293e-01
5.609868764877319336e-01
-2.951677083969116211e+00
-9.150056242942810059e-01
-4.473977565765380859e+00
-4.750686585903167725e-01
1.990198373794555664e+00
-4.748585700988769531e+00
6.102688312530517578e-01
-4.393204689025878906e+00
-4.293768882751464844e+00
3.323194026947021484e+00
2.217782258987426758e+00
3.176804780960083008e+00
1.322143435478210449e+00
