2.852267742156982422e+00
3.885158300399780273e+00
-8.393203020095825195e-01
3.819068431854248047e+00
-4.774847507476806641e+00
3.930103540420532227e+00
-4.032654285430908203e+00
-3.389171123504638672e+00
1.415702253580093384e-01
-1.504444241523742676e+00
-7.346910834312438965e-01
-7.529651522636413574e-01
4.200285911560058594e+00
-1.744298577308654785e+00
-2.208646297454833984e+00
-4.165909290313720703e+00
3.087703943252563477e+00
-1.441268324851989746e+00
1.509389281272888184e+00
9.432899951934814453e-01
-2.284218788146972656e+00
-9.087269902229309082e-01
-6.826322525739669800e-02
3.698494195938110352e+00
-1.555453419685363770e+00
-1.417347788810729980e+00
-4.716740131378173828e+00
-1.140241503715515137e+00
-1.198857545852661133e+00
4.365367889404296875e+00
