1.507728815078735352e+00
-1.534153580665588379e+00
-4.211742877960205078e+00
3.561853885650634766e+00
3.193341016769409180e+00
-7.575052380561828613e-01
-1.216677427291870117e+00
4.303088188171386719e+00
-9.917456507682800293e-01
-3.911965370178222656e+00
3.300670623779296875e+00
-2.833742618560791016e+00
-3.200822830200195312e+00
-2.523925781250000000e+00
2.945934295654296875e+00
-1.753758430480957031e+00
4.341370105743408203e+00
2.801236152648925781e+00
4.482937455177307129e-01
-3.313466310501098633e+00
1.345213413238525391e+00
-4.703643798828125000e+00
-7.140204906463623047e-01
5.761362314224243164e-01
8.260093331336975098e-01
3.723224163055419922e+00
2.953134775161743164e+00
-2.906460285186767578e+00
-3.559741973876953125e+00
3.255562782287597656e+00
