-4.398548126220703125e+00
1.454183906316757202e-01
-4.034019947052001953e+00
3.975281953811645508e+00
2.976106166839599609e+00
4.351894855499267578e-01
1.328584998846054077e-01
1.991770863533020020e+00
-3.358818054199218750e+00
-1.392703294754028320e+00
-2.757420539855957031e+00
3.064619302749633789e+00
1.634677767753601074e+00
-1.839679241180419922e+00
2.763332605361938477e+00
4.615214347839355469e+00
-1.903957128524780273e+00
3.094492197036743164e+00
4.321455955505371094e+00
1.307339072227478027e+00
-8.735129237174987793e-01
1.955805540084838867e+00
1.602346420288085938e+00
2.981428384780883789e+00
6.191087961196899414e-01
-3.316128969192504883e+00
3.540933132171630859e+00
1.388854146003723145e+00
9.792158603668212891e-01
-1.000141859054565430e+00
