-4.088384151458740234e+00
-2.293931543827056885e-01
-2.810174703598022461e+00
4.790035724639892578e+00
-3.723234891891479492e+00
1.653143882751464844e+00
4.039567947387695312e+00
-4.819282531738281250e+00
-2.408253192901611328e+00
-4.224171161651611328e+00
1.217205300927162170e-01
3.545940399169921875e+00
1.680773735046386719e+00
-4.966283321380615234e+00
-9.032828807830810547e-01
-4.866718292236328125e+00
-3.760758399963378906e+00
-7.805684208869934082e-01
1.229152202606201172e+00
4.807712554931640625e+00
-1.117705225944519043e+00
-5.290035903453826904e-02
3.907502651214599609e+00
-4.672867298126220703e+00
3.616675615310668945e+00
1.564129829406738281e+00
-3.905475139617919922e+00
-1.635302901268005371e-01
-3.642793893814086914e+00
2.907020807266235352e+00
