-4.591027736663818359e+00
-6.096883118152618408e-02
-9.547582864761352539e-01
-4.063481807708740234e+00
-2.916542053222656250e+00
4.250990867614746094e+00
-4.921023249626159668e-01
-3.621816396713256836e+00
3.110221147537231445e+00
2.746900558471679688e+00
1.001453161239624023e+00
-4.062011718750000000e+00
2.583815336227416992e+00
4.173183441162109375e+00
-8.849132061004638672e-01
1.548151016235351562e+00
-3.997850179672241211e+00
3.735318422317504883e+00
4.530909538269042969e+00
4.014091014862060547e+00
-3.329896450042724609e+00
-3.873582839965820312e+00
-4.701096057891845703e+00
-3.869591951370239258e+00
-3.429641127586364746e-01
3.626588344573974609e+00
1.439369440078735352e+00
-6.115012764930725098e-01
-4.769007205963134766e+00
-3.819405555725097656e+00
