9.074556231498718262e-01
2.576784372329711914e+00
3.764433622360229492e+00
2.031332969665527344e+00
1.399740576744079590e+00
-4.901782035827636719e+00
-1.007227778434753418e+00
-5.572919249534606934e-01
1.751069545745849609e+00
6.976081728935241699e-01
-2.432078123092651367e+00
9.596428275108337402e-01
-2.776437401771545410e-01
1.750545978546142578e+00
-1.488843917846679688e+00
3.088005304336547852e+00
-3.934967994689941406e+00
-2.062325239181518555e+00
4.923389434814453125e+00
-3.715409994125366211e+00
4.306934833526611328e+00
4.361517429351806641e+00
-2.312322616577148438e+00
-4.557205677032470703e+00
4.748869419097900391e+00
-4.774916172027587891e+00
2.380591869354248047e+00
-4.319690465927124023e-01
-2.155793905258178711e+00
3.950050592422485352e+00
