4.069676399230957031e+00
-4.079267024993896484e+00
4.312598705291748047e+00
-1.224711894989013672e+00
1.715688586235046387e+00
3.000738143920898438e+00
5.451511219143867493e-02
3.399791955947875977e+00
3.551187217235565186e-01
-2.277027368545532227e+00
-2.043658733367919922e+00
-1.182762503623962402e+00
-2.794994592666625977e+00
2.124664306640625000e+00
-4.077156543731689453e+00
4.389538288116455078e+00
4.309587955474853516e+00
2.015319824218750000e+00
-9.656065702438354492e-01
3.110439538955688477e+00
-2.082338809967041016e+00
9.640757441520690918e-01
-2.466167449951171875e+00
-2.248449563980102539e+00
3.950100421905517578e+00
-4.187342643737792969e+00
4.709927082061767578e+00
2.381669998168945312e+00
1.379771947860717773e+00
-4.985477447509765625e+00
