-1.615425705909729004e+00
-3.085662841796875000e+00
9.185712933540344238e-01
4.417275428771972656e+00
3.351678133010864258e+00
-4.123408794403076172e+00
-5.449706315994262695e-01
-9.094380140304565430e-01
-3.324718475341796875e+00
4.462453722953796387e-01
-6.100906133651733398e-01
-4.313488960266113281e+00
-5.534507632255554199e-01
-4.551344871520996094e+00
2.591410398483276367e+00
3.092434406280517578e+00
8.361875414848327637e-01
3.079161167144775391e+00
-4.911788463592529297e+00
-2.420392513275146484e+00
2.586855411529541016e+00
-2.461923658847808838e-01
3.049613714218139648e+00
-3.740516662597656250e+00
-8.211646080017089844e-01
-3.058455467224121094e+00
1.312635064125061035e+00
3.717258930206298828e+00
1.322980880737304688e+00
1.214000463485717773e+00
