-4.546461105346679688e+00
-2.270817041397094727e+00
-5.104768276214599609e-01
4.930950164794921875e+00
1.380587458610534668e+00
3.547898769378662109e+00
-2.362254410982131958e-01
1.949212551116943359e+00
-4.449975490570068359e+00
4.567213058471679688e+00
2.217837095260620117e+00
3.640919446945190430e+00
2.383668899536132812e+00
1.121809333562850952e-01
-8.330565094947814941e-01
2.455849170684814453e+00
-1.303093314170837402e+00
-4.400748729705810547e+00
-3.661452770233154297e+00
-1.135318517684936523e+00
-2.501097917556762695e+00
-2.688632726669311523e+00
-3.490736961364746094e+00
-3.963122367858886719e+00
-4.676821231842041016e+00
3.562363624572753906e+00
4.383095741271972656e+00
-1.175353407859802246e+00
-9.103943109512329102e-01
-3.337568283081054688e+00
