4.625313878059387207e-01
4.787487506866455078e+00
1.921606421470642090e+00
3.530437707901000977e+00
4.513930320739746094e+00
-4.898672580718994141e+00
3.142433762550354004e-01
4.553197860717773438e+00
-2.262742757797241211e+00
-3.791482210159301758e+00
2.476438999176025391e+00
-3.712430238723754883e+00
-2.460610389709472656e+00
3.095659017562866211e+00
-9.188782572746276855e-01
-1.506535649299621582e+00
2.707723379135131836e+00
3.067120075225830078e+00
-2.734010219573974609e+00
-3.748503208160400391e+00
2.480015754699707031e+00
3.012912750244140625e+00
-1.034831285476684570e+00
4.889969825744628906e+00
1.800869226455688477e+00
-2.446597337722778320e+00
-2.489462852478027344e+00
1.553151965141296387e+00
2.664080619812011719e+00
-7.172450423240661621e-01
