-4.567331790924072266e+00
-4.188502728939056396e-01
-1.126668810844421387e+00
-2.425580263137817383e+00
2.477371692657470703e+00
-1.201329708099365234e+00
4.462761402130126953e+00
-1.511893570423126221e-01
2.297144651412963867e+00
-4.701964557170867920e-02
3.645861387252807617e+00
-2.837332487106323242e+00
3.482437372207641602e+00
-3.648797035217285156e+00
-4.467724800109863281e+00
-3.776233911514282227e+00
-3.593177080154418945e+00
2.347847670316696167e-01
7.376287579536437988e-01
-2.780854463577270508e+00
-3.807718515396118164e+00
8.517221212387084961e-01
4.910763740539550781e+00
3.018866777420043945e+00
-4.003041267395019531e+00
4.784534454345703125e+00
4.815365314483642578e+00
3.203309059143066406e+00
-8.666647076606750488e-01
3.313874244689941406e+00
