3.775223255157470703e+00
-2.876661777496337891e+00
-2.805638790130615234e+00
6.200992465019226074e-01
3.773977994918823242e+00
-3.153289079666137695e+00
3.231270551681518555e+00
1.822865486145019531e+00
1.654710888862609863e+00
2.124721765518188477e+00
-1.279246687889099121e+00
2.326115131378173828e+00
-3.678051471710205078e+00
5.086524486541748047e-01
-3.323436498641967773e+00
-4.998591423034667969e+00
-3.796298980712890625e+00
-4.188523292541503906e+00
3.327361106872558594e+00
-4.505186557769775391e+00
1.407749176025390625e+00
4.445985317230224609e+00
-4.298368930816650391e+00
-8.873714804649353027e-01
2.846858739852905273e+00
3.070039987564086914e+00
3.627249002456665039e+00
-1.562316417694091797e+00
-1.537821650505065918e+00
-1.322923064231872559e+00
