-1.599823683500289917e-01
2.756202220916748047e+00
7.632065415382385254e-01
-2.964615821838378906e+00
3.315030574798583984e+00
-1.711820125579833984e+00
5.089086294174194336e-01
2.389649152755737305e+00
2.978448629379272461e+00
2.061886310577392578e+00
-6.968874335289001465e-01
1.987984776496887207e+00
3.359347581863403320e+00
4.225814342498779297e+00
1.739538192749023438e+00
-2.317810297012329102e+00
1.444309115409851074e+00
-1.872909545898437500e+00
-4.259319305419921875e+00
-1.815202236175537109e+00
-1.726673364639282227e+00
-2.194249629974365234e-01
-1.084652066230773926e+00
-9.591800570487976074e-01
-2.367246866226196289e+00
-2.673938751220703125e+00
-3.999769687652587891e+00
3.501089811325073242e+00
1.017884612083435059e+00
3.476818084716796875e+00
