2.545021057128906250e+00
-2.215249240398406982e-01
-4.178226470947265625e+00
-3.862701654434204102e+00
-3.736300230026245117e+00
2.537296533584594727e+00
4.119347035884857178e-01
-1.642863392829895020e+00
-4.186429023742675781e+00
-2.903043985366821289e+00
-2.157797962427139282e-01
1.161699652671813965e+00
4.659943103790283203e+00
-4.361325263977050781e+00
-3.417159557342529297e+00
1.457585453987121582e+00
-1.029138565063476562e+00
-1.971254110336303711e+00
-3.880604729056358337e-02
-1.579310148954391479e-01
4.589547634124755859e+00
-4.879997730255126953e+00
-2.017606735229492188e+00
4.685242652893066406e+00
-2.272146701812744141e+00
4.571202278137207031e+00
-4.515425562858581543e-01
4.659358501434326172e+00
-4.658422470092773438e+00
2.099655866622924805e+00
