1.339653015136718750e+00
3.141867637634277344e+00
3.416220903396606445e+00
-4.782300949096679688e+00
-1.850780487060546875e+00
-7.379393577575683594e-01
4.764495849609375000e+00
-2.437955737113952637e-01
-2.957448720932006836e+00
-1.876259922981262207e+00
3.906399488449096680e+00
-1.835862398147583008e+00
-4.620480537414550781e+00
-4.955720901489257812e+00
-3.945040404796600342e-01
4.078128814697265625e+00
-1.241381764411926270e+00
1.100823640823364258e+00
2.464165210723876953e+00
1.747763276100158691e+00
2.720662355422973633e+00
2.104740381240844727e+00
-4.510999679565429688e+00
-4.344203948974609375e+00
1.866959095001220703e+00
-2.532983124256134033e-01
3.175033092498779297e+00
-2.039673805236816406e+00
-4.685688018798828125e+00
-2.864433050155639648e+00
