3.813827753067016602e+00
-5.395799875259399414e-01
-4.848800659179687500e+00
-1.818965077400207520e+00
3.671597957611083984e+00
2.015759706497192383e+00
-4.567370891571044922e+00
-4.175135612487792969e+00
9.821376204490661621e-02
-2.761489152908325195e+00
-2.151416540145874023e+00
3.863037824630737305e+00
2.331937313079833984e+00
1.246152520179748535e+00
-2.882637381553649902e-01
3.265141963958740234e+00
-4.417867660522460938e+00
2.247860431671142578e+00
-1.188112497329711914e+00
-1.070350050926208496e+00
-3.762305498123168945e+00
-1.426598310470581055e+00
4.815003395080566406e+00
-6.519561409950256348e-01
8.124097585678100586e-01
-1.688458919525146484e+00
3.297051668167114258e+00
6.152455806732177734e-01
1.984304189682006836e+00
4.140174865722656250e+00
