1.506364107131958008e+00
4.149891853332519531e+00
-2.029338598251342773e+00
-1.826370358467102051e+00
4.189888477325439453e+00
-2.219209820032119751e-01
2.564782142639160156e+00
3.311902761459350586e+00
1.788092851638793945e+00
2.986240863800048828e+00
8.536403179168701172e-01
4.468049526214599609e+00
3.842579364776611328e+00
-1.838321805000305176e+00
-4.818215847015380859e+00
3.083434820175170898e+00
3.919070005416870117e+00
3.340127468109130859e+00
3.817581653594970703e+00
1.793384194374084473e+00
1.234738945960998535e+00
-3.685421466827392578e+00
-5.721314549446105957e-01
-3.840110778808593750e+00
-2.051789522171020508e+00
-2.698029756546020508e+00
2.370920419692993164e+00
-1.449148774147033691e+00
-2.967485487461090088e-01
7.717012763023376465e-01
