-1.325598120689392090e+00
3.392710685729980469e+00
1.961737275123596191e+00
9.431359767913818359e-01
-4.752877235412597656e+00
-9.367027282714843750e-01
-1.824310302734375000e+00
1.847895085811614990e-01
-2.547935485839843750e+00
-3.457690715789794922e+00
-9.585608243942260742e-01
3.516075611114501953e+00
2.402987957000732422e+00
2.703671693801879883e+00
2.569152116775512695e-01
3.897401809692382812e+00
-2.178426980972290039e+00
2.598609447479248047e+00
-4.592881679534912109e+00
-2.897546529769897461e+00
2.982138156890869141e+00
-2.705027103424072266e+00
-4.027904868125915527e-01
-3.723151922225952148e+00
3.864930629730224609e+00
-3.375086307525634766e+00
2.038900852203369141e+00
2.798856198787689209e-01
-3.428660154342651367e+00
-7.030199766159057617e-01
