4.363694190979003906e+00
4.787233099341392517e-02
6.109157204627990723e-01
-1.320920791476964951e-02
-4.060670852661132812e+00
-3.717029809951782227e+00
3.254505157470703125e+00
3.997398614883422852e+00
-3.973596334457397461e+00
-2.478417158126831055e+00
2.783606529235839844e+00
-1.450180821120738983e-02
-4.198102474212646484e+00
-9.954691678285598755e-02
4.987274646759033203e+00
4.537635803222656250e+00
-4.248664975166320801e-01
-7.645997405052185059e-01
-2.058760643005371094e+00
-2.401440382003784180e+00
1.258271217346191406e+00
4.765730381011962891e+00
-2.868743419647216797e+00
4.485675811767578125e+00
9.378049373626708984e-01
2.340124130249023438e+00
3.015057802200317383e+00
-4.053372859954833984e+00
2.546245813369750977e+00
1.847043991088867188e+00
