2.616838216781616211e+00
4.623975753784179688e+00
-3.573869705200195312e+00
-2.982567787170410156e+00
-4.800909519195556641e+00
-1.671590447425842285e+00
-3.574533462524414062e+00
1.316937685012817383e+00
9.061018824577331543e-01
4.930051326751708984e+00
-4.723321914672851562e+00
-2.227130174636840820e+00
2.975894927978515625e+00
3.645770549774169922e+00
-3.696092844009399414e+00
4.868841171264648438e-01
1.632330536842346191e+00
1.123377084732055664e+00
-2.283276319503784180e+00
-2.610997438430786133e+00
-1.883628606796264648e+00
2.535244226455688477e+00
-1.624204635620117188e+00
7.222089767456054688e-01
4.573608875274658203e+00
-3.748163938522338867e+00
2.039075136184692383e+00
6.243012547492980957e-01
2.491734504699707031e+00
1.614569902420043945e+00
