-1.798706889152526855e+00
4.221712112426757812e+00
3.930217266082763672e+00
4.991497516632080078e+00
5.762040019035339355e-01
-2.829949855804443359e+00
-1.328408956527709961e+00
1.711653590202331543e+00
4.399649620056152344e+00
1.870589256286621094e+00
1.329708456993103027e+00
-4.990577220916748047e+00
2.024309635162353516e+00
-3.795442104339599609e+00
-2.082287073135375977e+00
4.768178462982177734e+00
-1.502686381340026855e+00
4.991799354553222656e+00
-3.733263909816741943e-01
-1.108557343482971191e+00
-1.047858357429504395e+00
4.873312473297119141e+00
1.828671574592590332e+00
-1.311396360397338867e+00
1.334167599678039551e+00
2.997400045394897461e+00
-1.050836563110351562e+00
7.963449358940124512e-01
1.719548106193542480e+00
1.960282213985919952e-02
