2.765629529953002930e+00
4.357223033905029297e+00
2.655082941055297852e+00
-6.122226715087890625e-01
4.014725089073181152e-01
-1.356878161430358887e+00
-7.795567512512207031e-01
4.718711853027343750e+00
4.673541545867919922e+00
3.690220355987548828e+00
-4.275601387023925781e+00
-2.307690143585205078e+00
-8.168687820434570312e-01
-4.267402172088623047e+00
2.664091587066650391e+00
3.101925611495971680e+00
-9.823141694068908691e-01
-6.553055644035339355e-01
-7.868667244911193848e-01
3.765917301177978516e+00
-3.525110483169555664e+00
1.994668364524841309e+00
-4.494521141052246094e+00
2.001113653182983398e+00
2.153744935989379883e+00
3.328958034515380859e+00
-1.146150469779968262e+00
-2.545164823532104492e+00
3.167135953903198242e+00
4.370603084564208984e+00
