3.013300418853759766e+00
-1.672603130340576172e+00
4.548097610473632812e+00
-9.287768602371215820e-01
3.227720260620117188e+00
-3.915068864822387695e+00
1.452486634254455566e+00
6.026214361190795898e-01
5.024936199188232422e-01
-4.228752613067626953e+00
4.496086120605468750e+00
2.782854795455932617e+00
3.413064956665039062e+00
-3.127978444099426270e-01
3.135675668716430664e+00
-2.917793206870555878e-02
-4.633018016815185547e+00
-3.821995496749877930e+00
9.872192144393920898e-01
-2.400611400604248047e+00
3.256603240966796875e+00
4.520829677581787109e+00
8.766167163848876953e-01
2.034519433975219727e+00
6.113185286521911621e-01
-3.523624897003173828e+00
6.283975839614868164e-01
3.465766191482543945e+00
4.187209606170654297e+00
4.320001006126403809e-01
