3.876072764396667480e-01
2.768337965011596680e+00
-3.752199113368988037e-01
2.549193143844604492e+00
-2.334572225809097290e-01
-2.396534234285354614e-01
6.903824210166931152e-01
-3.729737758636474609e+00
-3.162038326263427734e-01
-1.350358009338378906e+00
-2.606514930725097656e+00
-4.203639507293701172e+00
-3.188118934631347656e+00
-4.365284919738769531e+00
2.734972238540649414e+00
-3.141004085540771484e+00
6.068873405456542969e-01
2.435818672180175781e+00
9.410964846611022949e-01
-9.913805127143859863e-01
2.119150400161743164e+00
4.035881996154785156e+00
-1.311441302299499512e+00
5.850937962532043457e-01
-2.092699289321899414e+00
4.360397338867187500e+00
-3.303142309188842773e+00
9.876621365547180176e-01
1.357181549072265625e+00
4.054337024688720703e+00
