-4.170524477958679199e-01
4.795241832733154297e+00
1.204598188400268555e+00
1.329655289649963379e+00
-3.833256483078002930e+00
-1.033856123685836792e-01
9.285279512405395508e-01
-1.122876644134521484e+00
2.000800371170043945e+00
1.029133796691894531e+00
2.712982177734375000e+00
-2.658688545227050781e+00
1.211964130401611328e+00
4.276761531829833984e+00
-6.758564710617065430e-01
-6.585918664932250977e-01
2.190056443214416504e-01
4.718664169311523438e+00
1.151512384414672852e+00
3.794012069702148438e+00
4.142853260040283203e+00
4.898910522460937500e+00
-2.619670331478118896e-01
-1.444463968276977539e+00
-1.444557428359985352e+00
-3.658867359161376953e+00
4.859372615814208984e+00
3.035958290100097656e+00
1.487560510635375977e+00
-2.645637035369873047e+00
