-9.647216200828552246e-01
1.271615266799926758e+00
3.333554983139038086e+00
7.267547845840454102e-01
-1.236771345138549805e+00
2.651197433471679688e+00
-4.791918277740478516e+00
-1.537884712219238281e+00
-1.706924915313720703e+00
-3.365321874618530273e+00
2.145340442657470703e+00
1.675991415977478027e+00
-2.726682186126708984e+00
-3.606875240802764893e-01
-4.336827754974365234e+00
-1.268281579017639160e+00
-3.351345777511596680e+00
-4.216570377349853516e+00
3.317983388900756836e+00
3.855810403823852539e+00
-1.011796951293945312e+00
1.443226814270019531e+00
-4.119607433676719666e-02
4.741333961486816406e+00
8.397248983383178711e-01
-2.110602140426635742e+00
2.911586046218872070e+00
-2.313929237425327301e-02
-4.012531757354736328e+00
1.581879854202270508e+00
