4.941814899444580078e+00
-1.895906925201416016e-01
-8.581966161727905273e-01
3.345593214035034180e+00
-2.652327716350555420e-01
2.819641351699829102e+00
3.197710514068603516e+00
4.756472587585449219e+00
-1.629106879234313965e+00
1.385749816894531250e+00
2.400450706481933594e+00
5.857898592948913574e-01
-2.460031270980834961e+00
-1.709247946739196777e+00
-3.414884805679321289e+00
2.987324714660644531e+00
4.046156406402587891e+00
-2.249088287353515625e+00
7.237717509269714355e-01
2.886773824691772461e+00
-9.660732150077819824e-01
2.449660539627075195e+00
5.908068418502807617e-01
-1.066724419593811035e+00
1.462367296218872070e+00
-4.161816120147705078e+00
4.241482615470886230e-01
-4.276322841644287109e+00
-4.629513740539550781e+00
-6.952249407768249512e-01
