1.577787160873413086e+00
3.900115489959716797e-01
3.734011411666870117e+00
2.506958961486816406e+00
-4.641540527343750000e+00
-4.187202453613281250e-02
1.934690713882446289e+00
-1.257462501525878906e+00
1.038318037986755371e+00
-1.503704667091369629e+00
-3.060326814651489258e+00
-2.024050474166870117e+00
2.119171142578125000e+00
-2.752874851226806641e+00
1.921916007995605469e+00
-3.508993625640869141e+00
-5.786780118942260742e-01
-4.757462024688720703e+00
-4.599096775054931641e+00
-3.088503122329711914e+00
2.912509202957153320e+00
-4.965449333190917969e+00
-4.427153110504150391e+00
2.308556079864501953e+00
4.073846817016601562e+00
-4.680775642395019531e+00
-2.141595363616943359e+00
4.171076297760009766e+00
-5.152391195297241211e-01
-1.959855318069458008e+00
