-4.564027190208435059e-01
-3.133203983306884766e-01
-1.394635796546936035e+00
3.792091846466064453e+00
-3.841591119766235352e+00
-2.234219551086425781e+00
-3.479318618774414062e+00
4.766116619110107422e+00
-1.150286078453063965e+00
-1.546914815902709961e+00
-2.065417289733886719e+00
1.707285881042480469e+00
-2.922613859176635742e+00
3.133641004562377930e+00
-6.196961402893066406e-01
-4.796566009521484375e+00
-3.542800664901733398e+00
-3.987903833389282227e+00
1.353706568479537964e-01
-2.199617624282836914e+00
4.373229026794433594e+00
-1.470947265625000000e+00
-9.263679981231689453e-01
4.485054969787597656e+00
2.334282875061035156e+00
4.208155632019042969e+00
4.427862167358398438e+00
2.901333808898925781e+00
1.016750812530517578e+00
-2.728398889303207397e-02
