-9.450592994689941406e-01
-4.288234710693359375e+00
2.572925090789794922e+00
2.102471828460693359e+00
-2.527137041091918945e+00
-3.284677267074584961e+00
2.665558576583862305e+00
-1.128572344779968262e+00
4.585370063781738281e+00
3.937899827957153320e+00
-2.086864233016967773e+00
-2.219398736953735352e+00
-1.660073041915893555e+00
-3.120693206787109375e+00
4.634885311126708984e+00
-2.192441463470458984e+00
-2.521233320236206055e+00
4.210189342498779297e+00
3.545004844665527344e+00
2.569483995437622070e+00
2.766173839569091797e+00
-1.644634246826171875e+00
9.452244639396667480e-01
-8.955705165863037109e-01
-3.271886348724365234e+00
-4.180820941925048828e+00
-7.846416234970092773e-01
4.905306339263916016e+00
-4.766464233398437500e+00
-1.109491109848022461e+00
