-1.575906395912170410e+00
-2.167068958282470703e+00
1.204662680625915527e+00
4.995028495788574219e+00
-2.724155187606811523e+00
7.306966185569763184e-01
-2.783180236816406250e+00
2.842946529388427734e+00
2.497830539941787720e-01
-2.585195779800415039e+00
1.696233868598937988e+00
-2.673455953598022461e+00
2.369061708450317383e+00
-2.709794521331787109e+00
1.300585865974426270e+00
7.439436316490173340e-01
1.263574838638305664e+00
-1.653979718685150146e-01
2.539850711822509766e+00
-5.843893289566040039e-01
-3.654784917831420898e+00
3.475308656692504883e+00
3.196760654449462891e+00
-2.046486854553222656e+00
-2.360332965850830078e+00
-7.395233511924743652e-01
3.883882761001586914e+00
-2.551491737365722656e+00
1.348455846309661865e-01
-2.465460777282714844e+00
