6.667584180831909180e-01
-4.511895179748535156e+00
2.725096464157104492e+00
2.868805646896362305e+00
-2.186312913894653320e+00
-2.100461006164550781e+00
8.533570170402526855e-01
2.635610342025756836e+00
-1.304146051406860352e+00
4.627727031707763672e+00
1.644945025444030762e+00
-2.516320943832397461e-01
2.206199884414672852e+00
1.163886904716491699e+00
3.451349258422851562e+00
2.643766403198242188e-01
-4.408257007598876953e+00
-2.734891414642333984e+00
-4.711592674255371094e+00
1.868687391281127930e+00
-2.087899446487426758e-01
3.997161149978637695e+00
-3.407909393310546875e+00
4.671042442321777344e+00
7.093598246574401855e-01
-3.517000436782836914e+00
3.470944643020629883e+00
4.812959671020507812e+00
-3.028817892074584961e+00
8.273406028747558594e-01
