-9.199085235595703125e-01
3.580311059951782227e+00
1.990343444049358368e-03
4.490521430969238281e+00
5.988323092460632324e-01
2.571501731872558594e+00
2.751178741455078125e+00
-3.737375020980834961e+00
5.572725534439086914e-01
-4.589385986328125000e+00
-1.362025588750839233e-01
2.817286014556884766e+00
-2.851443529129028320e+00
-4.818254470825195312e+00
-3.383882999420166016e+00
2.702960968017578125e-01
3.215968132019042969e+00
2.347529888153076172e+00
1.890426158905029297e+00
7.224939465522766113e-01
1.999240756034851074e+00
-4.064200401306152344e+00
3.806754350662231445e+00
1.347197532653808594e+00
3.978019714355468750e+00
9.767889380455017090e-01
4.713714122772216797e+00
5.815555453300476074e-01
3.798194646835327148e+00
4.076242446899414062e+00
