2.254911899566650391e+00
-4.899600982666015625e+00
-2.376610517501831055e+00
1.265364170074462891e+00
-5.083729028701782227e-01
1.350796937942504883e+00
2.992365360260009766e+00
-2.906379699707031250e+00
6.841903924942016602e-01
2.332143068313598633e+00
1.864551544189453125e+00
-1.783916711807250977e+00
3.762390613555908203e+00
-5.689277052879333496e-01
-2.452052831649780273e+00
-2.020374059677124023e+00
2.362098217010498047e+00
-3.936486721038818359e+00
2.337720841169357300e-01
-3.283939063549041748e-01
2.480286121368408203e+00
7.019130587577819824e-01
2.962280035018920898e+00
2.199551343917846680e+00
-1.207432866096496582e+00
-4.384655475616455078e+00
2.140536546707153320e+00
-2.216736555099487305e+00
4.582453727722167969e+00
-3.605742931365966797e+00
