9.893001914024353027e-01
-4.177901268005371094e+00
1.970222443342208862e-01
4.732332706451416016e+00
-3.572235584259033203e+00
-4.879473686218261719e+00
1.537989139556884766e+00
4.650097489356994629e-01
2.236066818237304688e+00
1.591670632362365723e+00
-2.512916326522827148e+00
2.287838220596313477e+00
-1.487092614173889160e+00
2.104642629623413086e+00
-9.364213943481445312e-01
-4.888175487518310547e+00
-2.015061855316162109e+00
-4.097357273101806641e+00
4.331715583801269531e+00
1.259315490722656250e+00
5.594670772552490234e-01
4.485274791717529297e+00
-3.811317682266235352e+00
2.825382947921752930e+00
-2.931942462921142578e+00
-1.639587044715881348e+00
9.896864891052246094e-01
3.088812828063964844e+00
4.970636844635009766e+00
-2.219402074813842773e+00
