1.782468080520629883e+00
4.710449218750000000e+00
-3.934742450714111328e+00
-1.295671582221984863e+00
-8.209216594696044922e-01
-4.078431427478790283e-01
4.184035778045654297e+00
-7.706572413444519043e-01
-2.078783273696899414e+00
-1.570576190948486328e+00
-3.541923284530639648e+00
4.668726444244384766e+00
-5.020437240600585938e-01
6.817874312400817871e-01
-4.987776756286621094e+00
8.242666125297546387e-01
2.040767192840576172e+00
3.344058096408843994e-01
-2.949720144271850586e+00
2.090536206960678101e-01
-2.769127845764160156e+00
2.425741910934448242e+00
2.719862163066864014e-01
6.551432013511657715e-01
-4.176166057586669922e+00
1.788138508796691895e+00
1.048598885536193848e+00
-1.713153123855590820e+00
-2.273624897003173828e+00
9.791014194488525391e-01
