-1.864604473114013672e+00
-4.010966300964355469e+00
3.972507238388061523e+00
-4.281152248382568359e+00
3.391745328903198242e+00
8.350129723548889160e-01
3.901803731918334961e+00
-2.073305606842041016e+00
1.566495418548583984e+00
3.651527881622314453e+00
4.547822475433349609e+00
4.874029159545898438e+00
-1.687656402587890625e+00
-1.181327819824218750e+00
4.122477531433105469e+00
1.473479986190795898e+00
4.700626850128173828e+00
4.704852774739265442e-02
9.655189514160156250e-02
4.784823894500732422e+00
4.287746429443359375e+00
-2.917526721954345703e+00
-2.364650487899780273e+00
-4.342309474945068359e+00
4.590768218040466309e-01
4.025709629058837891e+00
3.700005531311035156e+00
-2.208835363388061523e+00
4.857912540435791016e+00
3.940462827682495117e+00
