-4.287858009338378906e+00
-3.474774122238159180e+00
1.846542716026306152e+00
4.198644638061523438e+00
4.749767780303955078e+00
-3.248420476913452148e+00
-4.985955357551574707e-01
2.959513664245605469e+00
-3.256415128707885742e+00
2.455917835235595703e+00
-1.790656447410583496e+00
-1.595866531133651733e-01
2.298728935420513153e-02
-2.969778537750244141e+00
2.206552028656005859e+00
-2.328532338142395020e-01
2.539587020874023438e+00
2.264957427978515625e+00
-2.949624538421630859e+00
3.268753290176391602e+00
-2.325624078512191772e-01
2.732001304626464844e+00
4.183552742004394531e+00
4.247082710266113281e+00
3.340726345777511597e-02
-2.720302343368530273e+00
3.456770181655883789e+00
-3.507634162902832031e+00
3.712607622146606445e+00
4.709751129150390625e+00
