-3.583984673023223877e-01
-3.912487030029296875e+00
4.819548606872558594e+00
-1.388090401887893677e-01
3.712571382522583008e+00
1.679956197738647461e+00
2.340932339429855347e-01
2.479469776153564453e+00
3.094742059707641602e+00
-4.186834812164306641e+00
-1.318843960762023926e+00
4.055019855499267578e+00
-4.514431953430175781e+00
-4.025375366210937500e+00
2.868904590606689453e+00
3.134661674499511719e+00
-2.363136053085327148e+00
-1.386395573616027832e+00
4.588860034942626953e+00
4.164115428924560547e+00
-2.412756443023681641e+00
-4.020661830902099609e+00
-4.126214504241943359e+00
3.211008787155151367e+00
4.428925514221191406e+00
-3.700424671173095703e+00
1.405822157859802246e+00
5.489360690116882324e-01
-1.983304023742675781e+00
-4.405835270881652832e-02
