-7.967268228530883789e-01
-4.899444103240966797e+00
6.330765485763549805e-01
3.282494306564331055e+00
2.197686433792114258e-01
5.146504044532775879e-01
2.363436222076416016e+00
3.820754051208496094e+00
2.313538074493408203e+00
2.565342664718627930e+00
5.843665003776550293e-01
-4.351087093353271484e+00
-4.010614871978759766e+00
-3.131332635879516602e+00
5.429006218910217285e-01
2.568061351776123047e+00
3.534218549728393555e+00
3.172952175140380859e+00
1.411790132522583008e+00
4.906058788299560547e+00
4.238781332969665527e-01
3.251408040523529053e-01
4.608739614486694336e-01
3.731434583663940430e+00
-2.047117948532104492e+00
-2.958188533782958984e+00
4.848508358001708984e+00
-1.312647581100463867e+00
-6.596217751502990723e-01
-2.458568811416625977e+00
