-1.919064044952392578e+00
1.252766132354736328e+00
-4.261636734008789062e+00
8.589006066322326660e-01
1.698984622955322266e+00
-2.453583002090454102e+00
-1.609365224838256836e+00
-3.917469024658203125e+00
2.306292295455932617e+00
4.709692478179931641e+00
-3.484428822994232178e-01
1.572703003883361816e+00
-2.314154952764511108e-01
4.797849655151367188e+00
-4.430620670318603516e+00
-9.386584758758544922e-01
-2.335360050201416016e+00
6.886681914329528809e-01
2.644202709197998047e+00
3.139634609222412109e+00
2.009143590927124023e+00
2.281372785568237305e+00
-4.552886962890625000e+00
-4.053698062896728516e+00
1.388568282127380371e+00
-1.551065325736999512e+00
2.590949296951293945e+00
1.873666524887084961e+00
-8.095923662185668945e-01
6.687358021736145020e-01
