3.336770772933959961e+00
3.417075395584106445e+00
1.096968173980712891e+00
4.168884456157684326e-02
4.317299365997314453e+00
-3.601417303085327148e+00
-2.443025350570678711e+00
-3.501331806182861328e+00
-7.433509230613708496e-01
-1.952540874481201172e+00
-1.755686879158020020e+00
-2.638825416564941406e+00
-2.992458343505859375e+00
1.243678927421569824e+00
-3.611229658126831055e+00
4.121656417846679688e+00
1.086557626724243164e+00
2.108625769615173340e-01
-3.945155620574951172e+00
-5.800031423568725586e-01
-4.603102684020996094e+00
-2.787278890609741211e+00
4.185819625854492188e+00
3.007252886891365051e-02
4.135746479034423828e+00
-2.836912572383880615e-01
-4.844032287597656250e+00
-1.419384218752384186e-02
-4.836942672729492188e+00
-1.885421276092529297e+00
