5.781711339950561523e-01
4.452944755554199219e+00
-2.469354867935180664e+00
-2.036307603120803833e-01
2.586570978164672852e+00
2.992513895034790039e+00
-6.659603118896484375e-01
2.686503410339355469e+00
1.595790505409240723e+00
-3.895512104034423828e+00
1.165521860122680664e+00
-4.059485435485839844e+00
1.258882045745849609e+00
-2.197359561920166016e+00
-3.678608417510986328e+00
-7.300396561622619629e-01
1.365551501512527466e-01
3.246587038040161133e+00
1.359307527542114258e+00
-4.243906974792480469e+00
-4.618843555450439453e+00
1.314571619033813477e+00
-1.476565241813659668e+00
7.152809947729110718e-02
2.032631158828735352e+00
-4.295596599578857422e+00
-2.093158960342407227e+00
1.464954257011413574e+00
-4.553444385528564453e+00
-1.472591161727905273e+00
