2.085803031921386719e+00
-3.496087193489074707e-01
1.017135940492153168e-02
7.581971883773803711e-01
4.533207893371582031e+00
-7.571439743041992188e-01
-8.848221302032470703e-01
2.044400691986083984e+00
2.014256477355957031e+00
3.033774852752685547e+00
-2.327374696731567383e+00
-3.964244604110717773e+00
3.748086392879486084e-01
3.687482476234436035e-01
-3.601979494094848633e+00
-4.426029682159423828e+00
-6.636974215507507324e-01
-3.985357046127319336e+00
4.572530984878540039e-01
3.841320753097534180e+00
3.872795581817626953e+00
4.780715465545654297e+00
4.360834121704101562e+00
-3.575529336929321289e+00
1.724034309387207031e+00
-3.295674085617065430e+00
1.762067556381225586e+00
3.172768056392669678e-01
4.766349315643310547e+00
3.313663721084594727e+00
