-1.281255781650543213e-01
3.309896469116210938e+00
5.831181406974792480e-01
3.838476419448852539e+00
-3.830140590667724609e+00
1.808510065078735352e+00
1.906065344810485840e+00
-2.254530429840087891e+00
8.472847193479537964e-02
3.436785459518432617e+00
4.838603973388671875e+00
2.695501565933227539e+00
-3.145882785320281982e-01
3.818420767784118652e-01
2.395221948623657227e+00
1.822238564491271973e+00
-7.807568460702896118e-02
3.105818748474121094e+00
-4.903316020965576172e+00
2.865309476852416992e+00
3.769177675247192383e+00
1.730011224746704102e+00
-7.651018500328063965e-01
-3.039381742477416992e+00
-1.431192994117736816e+00
3.109917044639587402e-01
-2.611081600189208984e+00
3.491976976394653320e+00
1.596722483634948730e+00
-3.480992555618286133e+00
