-1.982754945755004883e+00
2.357417821884155273e+00
-1.226513862609863281e+00
-2.237680435180664062e+00
2.586396455764770508e+00
-1.967190504074096680e+00
-2.305116653442382812e-01
1.790974140167236328e+00
2.894793078303337097e-02
-2.971269845962524414e+00
-2.412058830261230469e+00
1.034755229949951172e+00
4.037304878234863281e+00
-4.342253208160400391e+00
2.329092264175415039e+00
3.276359319686889648e+00
-1.108021855354309082e+00
-3.266360282897949219e+00
-7.023182511329650879e-01
-7.348899245262145996e-01
-3.209262847900390625e+00
2.130306720733642578e+00
1.142001628875732422e+00
1.351393461227416992e+00
-1.738200783729553223e+00
4.298646926879882812e+00
-1.592701524496078491e-01
-3.355800390243530273e+00
-1.579849600791931152e+00
1.629760146141052246e+00
