2.538010358810424805e+00
3.713982343673706055e+00
-3.196644067764282227e+00
1.672447323799133301e+00
-1.296871900558471680e+00
2.111715555191040039e+00
3.643525362014770508e+00
-3.400107860565185547e+00
8.716937303543090820e-01
1.978060841560363770e+00
-1.712506532669067383e+00
-4.877891540527343750e+00
4.822352886199951172e+00
1.340199232101440430e+00
-7.908685803413391113e-01
2.191008806228637695e+00
-1.155013084411621094e+00
3.607205390930175781e+00
-4.561110019683837891e+00
-4.843934535980224609e+00
-2.788195133209228516e+00
-3.538876771926879883e+00
5.294654369354248047e-01
-2.260792016983032227e+00
-9.527849555015563965e-01
-4.645668506622314453e+00
3.057697057723999023e+00
-3.099568367004394531e+00
-4.734135150909423828e+00
-6.544901132583618164e-01
