-1.685768365859985352e+00
-7.184806466102600098e-01
1.008002042770385742e+00
-4.275682449340820312e+00
1.350856900215148926e+00
2.699238300323486328e+00
-3.725671291351318359e+00
6.078733205795288086e-01
2.805696487426757812e+00
-2.818008184432983398e+00
-2.340306788682937622e-01
2.852546691894531250e+00
-1.311860918998718262e+00
1.240426898002624512e+00
-3.060475111007690430e+00
-2.811306476593017578e+00
-1.575502991676330566e+00
-6.527237892150878906e-01
-2.800213098526000977e+00
2.460176229476928711e+00
1.646649956703186035e+00
-1.601321697235107422e+00
4.885103702545166016e+00
5.979581475257873535e-01
-1.943066120147705078e+00
-2.878439188003540039e+00
1.403856039047241211e+00
6.301687359809875488e-01
-3.391496181488037109e+00
-4.331858158111572266e+00
