-4.760819911956787109e+00
-1.361263155937194824e+00
-5.852879881858825684e-01
-1.304384112358093262e+00
-1.054966211318969727e+00
-1.845999836921691895e+00
2.491264104843139648e+00
-4.479053974151611328e+00
3.727706193923950195e+00
-3.564040660858154297e+00
-3.475251913070678711e+00
1.547282099723815918e+00
-3.735959053039550781e+00
-7.958553433418273926e-01
-4.622225761413574219e+00
-3.714040994644165039e+00
2.481376409530639648e+00
-3.272267580032348633e-01
1.626698672771453857e-01
3.356562614440917969e+00
2.665018796920776367e+00
2.582385540008544922e+00
-1.026032447814941406e+00
-4.455458641052246094e+00
-3.192285537719726562e+00
2.690037488937377930e+00
4.641335487365722656e+00
-1.262080192565917969e+00
3.043050527572631836e+00
2.117344617843627930e+00
