-4.714458465576171875e+00
-2.558295965194702148e+00
-6.690466403961181641e-01
2.009198188781738281e+00
2.643924713134765625e+00
4.262989044189453125e+00
3.902696847915649414e+00
-4.413350582122802734e+00
-4.380126953125000000e+00
-7.684655785560607910e-01
2.584742546081542969e+00
7.905886769294738770e-01
4.272697448730468750e+00
-1.649367809295654297e+00
9.986972436308860779e-03
1.861222743988037109e+00
4.993038177490234375e+00
1.984523296356201172e+00
5.886795520782470703e-01
-4.345522880554199219e+00
1.747019171714782715e+00
1.709046125411987305e+00
-4.505786895751953125e+00
1.428538084030151367e+00
-4.786420822143554688e+00
-2.346215963363647461e+00
-1.200324296951293945e-01
2.149583578109741211e+00
1.750673532485961914e+00
1.246375203132629395e+00
