4.328565597534179688e+00
3.513426065444946289e+00
4.014825344085693359e+00
-2.584069728851318359e+00
-6.113818287849426270e-01
1.359845638275146484e+00
-2.779058367013931274e-02
-5.755797028541564941e-01
2.478853464126586914e+00
-1.804870963096618652e+00
-2.449964046478271484e+00
8.396892547607421875e-01
2.788969516754150391e+00
-4.102157592773437500e+00
-3.879000186920166016e+00
-3.964793920516967773e+00
1.271897554397583008e+00
-3.356336653232574463e-01
-3.774512290954589844e+00
1.665081381797790527e+00
2.531899929046630859e+00
-3.427690267562866211e+00
4.839267253875732422e+00
2.948925256729125977e+00
4.986971378326416016e+00
-2.203689813613891602e+00
4.860379695892333984e+00
1.023430004715919495e-01
-4.056084632873535156e+00
2.248723745346069336e+00
