4.757316589355468750e+00
2.692723035812377930e+00
-1.189336299896240234e+00
1.874761343002319336e+00
2.003376960754394531e+00
-6.586850285530090332e-01
9.253966808319091797e-02
3.985031604766845703e+00
-1.052224040031433105e+00
4.652743339538574219e+00
-1.533823609352111816e+00
2.372415304183959961e+00
4.372295379638671875e+00
4.081590175628662109e+00
-4.908347606658935547e+00
-1.224106401205062866e-01
-5.469596982002258301e-01
5.815564393997192383e-01
6.455569267272949219e-01
-9.892971515655517578e-01
-1.764959573745727539e+00
-4.454932689666748047e+00
-3.353646755218505859e+00
8.870048075914382935e-02
2.171516865491867065e-01
4.187354087829589844e+00
-3.903774976730346680e+00
4.674150943756103516e+00
-2.680450379848480225e-01
-3.324519872665405273e+00
