-1.197058558464050293e+00
-3.421303272247314453e+00
1.875164985656738281e+00
-1.618762016296386719e+00
-1.138881683349609375e+00
-3.471124649047851562e+00
-3.363333940505981445e+00
-9.940885305404663086e-01
-4.549530029296875000e+00
-2.267883300781250000e+00
4.109407901763916016e+00
-4.470016956329345703e+00
4.975127696990966797e+00
-3.302755832672119141e+00
-4.165328979492187500e+00
1.977912425994873047e+00
-4.416162490844726562e+00
2.525508880615234375e+00
7.581217885017395020e-01
-1.853247284889221191e-01
1.734837412834167480e+00
-2.821623802185058594e+00
3.447690486907958984e+00
-3.626494407653808594e+00
3.681731700897216797e+00
-1.735636591911315918e+00
-2.265723705291748047e+00
1.316149979829788208e-01
4.776826381683349609e+00
1.223237276077270508e+00
