-3.450503587722778320e+00
-1.123414039611816406e+00
9.596477448940277100e-02
3.655464649200439453e+00
-3.645680904388427734e+00
-2.815006017684936523e+00
1.764103174209594727e+00
-4.410189628601074219e+00
1.191624760627746582e+00
-1.742507338523864746e+00
-5.559125542640686035e-01
-8.379482030868530273e-01
-4.528110980987548828e+00
-4.226817131042480469e+00
5.018490552902221680e-01
-3.319152116775512695e+00
1.312747120857238770e+00
2.040771484375000000e+00
-4.487584114074707031e+00
4.688669204711914062e+00
1.521946310997009277e+00
7.598490715026855469e-01
-4.346736431121826172e+00
-1.304384946823120117e+00
2.420249462127685547e+00
2.567553997039794922e+00
-2.298725128173828125e+00
-4.200786054134368896e-01
3.714981794357299805e+00
2.716386079788208008e+00
