-9.163278937339782715e-01
-2.201602935791015625e+00
-2.162544488906860352e+00
2.376121759414672852e+00
4.149006366729736328e+00
-9.918785691261291504e-01
-3.801053285598754883e+00
7.178902626037597656e-01
-3.648222684860229492e+00
4.735830783843994141e+00
-3.650757789611816406e+00
-3.509464025497436523e+00
3.715583324432373047e+00
8.246229290962219238e-01
-4.035898208618164062e+00
-5.703537464141845703e-01
-4.189518928527832031e+00
-2.995223522186279297e+00
-1.823458313941955566e+00
3.203306674957275391e+00
-2.042663335800170898e+00
3.815847396850585938e+00
-7.977232933044433594e-01
7.546963095664978027e-01
-4.930416107177734375e+00
3.479789257049560547e+00
-5.093338489532470703e-01
4.811212062835693359e+00
4.021534442901611328e+00
6.082146763801574707e-01
