-4.345217227935791016e+00
-1.041560649871826172e+00
4.721473693847656250e+00
-3.479577541351318359e+00
3.873965024948120117e+00
2.522920846939086914e+00
-4.774039268493652344e+00
4.734446525573730469e+00
-3.300106763839721680e+00
1.356205940246582031e+00
2.888490915298461914e+00
-1.619320392608642578e+00
-1.300682663917541504e+00
1.104390382766723633e+00
-3.204534351825714111e-01
1.617077231407165527e+00
-2.963759563863277435e-02
2.917133808135986328e+00
8.072369694709777832e-01
-4.780509948730468750e+00
-4.199515342712402344e+00
-3.495086669921875000e+00
1.214578986167907715e+00
-3.475841999053955078e+00
-4.265299320220947266e+00
-4.903140068054199219e+00
-1.873342514038085938e+00
-1.821018695831298828e+00
1.978152155876159668e+00
1.025007247924804688e+00
