9.905865788459777832e-02
-1.189720034599304199e+00
3.890394866466522217e-01
-4.335965633392333984e+00
4.288513183593750000e+00
-3.371907711029052734e+00
4.997315883636474609e+00
-7.514023780822753906e-01
3.617470741271972656e+00
3.029031276702880859e+00
1.435165882110595703e+00
4.560776710510253906e+00
2.885490655899047852e+00
-3.325431346893310547e+00
-5.729508996009826660e-01
4.686920642852783203e+00
4.510746002197265625e+00
-3.151746511459350586e+00
3.929386138916015625e+00
1.517385482788085938e+00
-3.166228532791137695e+00
5.482115149497985840e-01
1.870771408081054688e+00
6.442959308624267578e-01
-9.944397807121276855e-01
2.923243045806884766e+00
3.091706037521362305e+00
4.982780456542968750e+00
1.065305471420288086e+00
-3.055970430374145508e+00
