1.377310395240783691e+00
-1.702844738960266113e+00
-2.335480451583862305e-01
6.616225838661193848e-02
-8.666091561317443848e-01
-1.334527373313903809e+00
-1.588341832160949707e+00
1.060323357582092285e+00
4.005006790161132812e+00
-4.586338400840759277e-01
4.340107917785644531e+00
-4.933965682983398438e+00
7.039023041725158691e-01
-3.109153270721435547e+00
3.078589439392089844e+00
-3.919052124023437500e+00
3.713069915771484375e+00
1.749007105827331543e+00
-1.548454403877258301e+00
2.212311267852783203e+00
-4.890597343444824219e+00
-2.960369288921356201e-01
-1.378993749618530273e+00
4.666605949401855469e+00
-2.336080551147460938e+00
-1.736546516418457031e+00
-3.481415033340454102e+00
3.181819200515747070e+00
7.893286347389221191e-01
-4.923965930938720703e+00
