3.757481098175048828e+00
-1.441663980484008789e+00
3.960552692413330078e+00
4.500497341156005859e+00
-2.297285318374633789e+00
-3.482042789459228516e+00
1.317335247993469238e+00
4.848063468933105469e+00
1.986462831497192383e+00
3.957682132720947266e+00
4.010185241699218750e+00
-2.784580707550048828e+00
-4.326983451843261719e+00
1.377031486481428146e-02
-1.296686530113220215e+00
-1.996182203292846680e+00
4.477624893188476562e+00
-3.660936594009399414e+00
2.927016496658325195e+00
-6.498224735260009766e-01
3.924085378646850586e+00
4.573400974273681641e+00
2.675337493419647217e-01
-3.738333702087402344e+00
1.825423121452331543e+00
-7.410376667976379395e-01
1.532349705696105957e+00
2.876710176467895508e+00
1.864227890968322754e+00
1.692905187606811523e+00
