3.141287326812744141e+00
-2.014009356498718262e-01
-4.904586791992187500e+00
1.521074175834655762e+00
1.626881957054138184e+00
4.218258857727050781e+00
-7.438036203384399414e-01
-3.086861848831176758e+00
3.304769992828369141e+00
-2.041928291320800781e+00
3.120689868927001953e+00
4.066224575042724609e+00
-2.108396053314208984e+00
3.364405393600463867e+00
3.661295413970947266e+00
3.541632413864135742e+00
-1.442451119422912598e+00
1.705534219741821289e+00
4.023483276367187500e+00
1.887944579124450684e+00
-4.751001358032226562e+00
2.380180060863494873e-01
6.440650224685668945e-01
3.151356458663940430e+00
-4.868565559387207031e+00
-6.140744090080261230e-01
-2.281239986419677734e+00
-4.922863483428955078e+00
1.111743688583374023e+00
-4.880788922309875488e-02
