2.584806978702545166e-01
-3.893888473510742188e+00
2.831982851028442383e+00
4.287236034870147705e-01
3.471003770828247070e+00
-1.340029358863830566e+00
-3.202229738235473633e+00
2.885228097438812256e-01
1.861424446105957031e+00
4.282126903533935547e+00
3.766015529632568359e+00
-2.158271335065364838e-02
2.602501869201660156e+00
-3.465985879302024841e-02
-2.617873191833496094e+00
3.149693727493286133e+00
-4.516031742095947266e+00
-3.973912477493286133e+00
-3.089088439941406250e+00
2.344599485397338867e+00
7.564232349395751953e-01
-1.949988126754760742e+00
2.574700593948364258e+00
4.893866062164306641e+00
-1.115012645721435547e+00
-1.413798213005065918e+00
1.209889411926269531e+00
-4.473742485046386719e+00
1.983776807785034180e+00
2.801548838615417480e-01
