6.175976991653442383e-01
3.497028350830078125e+00
3.815164089202880859e+00
-2.006540060043334961e+00
-2.652230501174926758e+00
-1.827342152595520020e+00
-3.031744480133056641e+00
2.180987119674682617e+00
2.792646169662475586e+00
5.319753289222717285e-01
4.886037826538085938e+00
-2.641797304153442383e+00
-3.647788166999816895e-01
4.406159400939941406e+00
-1.205829858779907227e+00
1.533657073974609375e+00
4.124636650085449219e+00
3.666388988494873047e+00
-4.884644031524658203e+00
3.348677396774291992e+00
-1.705016970634460449e+00
-3.685125112533569336e-01
8.961096405982971191e-02
-4.025209426879882812e+00
1.048703312873840332e+00
-2.777797937393188477e+00
-3.672761678695678711e+00
2.828058242797851562e+00
4.196059703826904297e+00
2.808271646499633789e+00
