-4.030404090881347656e+00
-3.309103250503540039e+00
-3.106364250183105469e+00
-4.198028564453125000e+00
4.864573955535888672e+00
3.310319185256958008e-01
4.533710479736328125e+00
-3.200841903686523438e+00
-2.455202579498291016e+00
1.374329030513763428e-01
4.937389850616455078e+00
-3.363337516784667969e+00
3.735392332077026367e+00
2.592834234237670898e+00
1.870729476213455200e-01
2.926143646240234375e+00
2.766332149505615234e+00
-1.987317919731140137e+00
3.749124526977539062e+00
-3.990626573562622070e+00
-2.831795215606689453e+00
-2.254180192947387695e+00
-3.401142835617065430e+00
3.534562349319458008e+00
-1.543682575225830078e+00
-3.069378137588500977e+00
2.156412839889526367e+00
-9.592620134353637695e-01
9.929508566856384277e-01
3.393151044845581055e+00
