-3.905292034149169922e+00
-1.874877572059631348e+00
1.642405867576599121e+00
-3.532256841659545898e+00
4.836659431457519531e+00
-1.857717990875244141e+00
4.733329772949218750e+00
4.450344085693359375e+00
7.134430408477783203e-01
3.823705911636352539e+00
4.745300769805908203e+00
8.689095973968505859e-01
-1.673376917839050293e+00
2.602630853652954102e+00
-2.877644777297973633e+00
-2.836406230926513672e+00
1.849904894828796387e+00
4.090116500854492188e+00
1.958495020866394043e+00
-4.529253959655761719e+00
-4.236184120178222656e+00
1.899745345115661621e+00
-4.701512813568115234e+00
1.438176989555358887e+00
9.391540884971618652e-01
-2.040876865386962891e+00
-2.140979290008544922e+00
-4.005685329437255859e+00
-4.363803863525390625e+00
-3.595555305480957031e+00
