-3.074714660644531250e+00
3.126631021499633789e+00
1.055113375186920166e-01
2.999769926071166992e+00
3.331460237503051758e+00
-5.748225450515747070e-01
1.338932991027832031e+00
-8.948329091072082520e-02
-2.329625129699707031e+00
2.053268671035766602e+00
2.128509521484375000e+00
-3.347450733184814453e+00
3.955965995788574219e+00
3.449882030487060547e+00
2.511644601821899414e+00
-1.210767388343811035e+00
4.892057895660400391e+00
6.396275758743286133e-01
-4.763434886932373047e+00
1.801780819892883301e+00
2.877796411514282227e+00
-4.048917889595031738e-01
1.781365752220153809e+00
1.289879798889160156e+00
3.547972440719604492e+00
-4.756386876106262207e-01
-6.674969792366027832e-01
3.607192277908325195e+00
-3.707433938980102539e+00
-4.628048896789550781e+00
