1.820217847824096680e+00
4.008766174316406250e+00
1.580398529767990112e-01
4.829580783843994141e+00
1.731853008270263672e+00
-3.040711402893066406e+00
-2.240749120712280273e+00
-1.827741146087646484e+00
2.674230337142944336e+00
2.163100838661193848e-01
-1.203529119491577148e+00
-2.339451313018798828e+00
-3.029898643493652344e+00
-2.932485580444335938e+00
1.086845159530639648e+00
2.011166699230670929e-02
2.233105450868606567e-01
-3.525064706802368164e+00
3.460192203521728516e+00
4.854198455810546875e+00
-4.538419723510742188e+00
1.451027154922485352e+00
-3.895332098007202148e+00
5.778191089630126953e-01
-1.998967170715332031e+00
3.085311174392700195e+00
-2.363626211881637573e-01
-6.379607915878295898e-01
3.338150739669799805e+00
2.404769897460937500e+00
