1.913590312004089355e+00
9.011864662170410156e-01
1.363372564315795898e+00
-2.101053744554519653e-01
2.216187238693237305e+00
5.456089973449707031e-01
-9.456540644168853760e-02
-3.108146190643310547e+00
2.946614980697631836e+00
-1.218053579330444336e+00
2.543651163578033447e-01
6.585959792137145996e-01
-4.457146644592285156e+00
1.539191961288452148e+00
2.423549413681030273e+00
3.120092630386352539e+00
-2.406861931085586548e-01
-2.928105115890502930e+00
-2.419348239898681641e+00
-7.305361032485961914e-01
-4.884152889251708984e+00
3.818839550018310547e+00
2.475357770919799805e+00
-2.866695165634155273e+00
1.996580004692077637e+00
4.480115413665771484e+00
3.476075887680053711e+00
6.444318294525146484e-01
2.737283468246459961e+00
1.087491869926452637e+00
