-4.483945846557617188e+00
2.526764631271362305e+00
-2.562445640563964844e+00
-3.045972347259521484e+00
-2.857762277126312256e-01
3.775071382522583008e+00
1.010956883430480957e+00
5.457752943038940430e-01
-3.591392278671264648e+00
-2.356002569198608398e+00
5.180505514144897461e-01
-1.050715208053588867e+00
-3.887821197509765625e+00
1.041641712188720703e+00
-3.946464538574218750e+00
-3.919236660003662109e+00
-2.204309463500976562e+00
-2.044885873794555664e+00
2.714136600494384766e+00
1.694853186607360840e+00
-3.461681604385375977e+00
-3.295598506927490234e+00
-2.376282513141632080e-01
8.151274919509887695e-01
1.372995495796203613e+00
-8.179531097412109375e-01
-2.308351516723632812e+00
3.140170097351074219e+00
-4.385746955871582031e+00
5.437308549880981445e-01
