3.327568531036376953e+00
-2.780819177627563477e+00
-4.704312086105346680e-01
-2.973488569259643555e+00
-3.768803119659423828e+00
-2.514305591583251953e+00
-4.437111377716064453e+00
4.871376514434814453e+00
-3.338901996612548828e+00
-1.941042184829711914e+00
-4.249989509582519531e+00
4.991417285054922104e-03
1.533874034881591797e+00
1.742779850959777832e+00
-1.097351551055908203e+00
3.731951713562011719e+00
1.047148346900939941e+00
3.188150405883789062e+00
1.808547616004943848e+00
2.892749547958374023e+00
-9.298827648162841797e-01
2.076116800308227539e-01
-4.104207515716552734e+00
2.454616069793701172e+00
1.590422153472900391e+00
1.905576348304748535e+00
-3.867099523544311523e+00
1.061978936195373535e+00
5.285860896110534668e-01
-2.759218454360961914e+00
