5.855277180671691895e-01
-1.012996196746826172e+00
-5.161126852035522461e-01
1.849706321954727173e-01
4.316349983215332031e+00
2.373561143875122070e+00
-2.143109321594238281e+00
8.187725543975830078e-01
-4.981787681579589844e+00
9.913666844367980957e-01
2.409024477005004883e+00
1.844422459602355957e+00
7.589273899793624878e-02
-4.963529109954833984e+00
-1.666992664337158203e+00
-4.461250782012939453e+00
-1.254885792732238770e+00
-3.823225498199462891e+00
-9.372339844703674316e-01
8.457852005958557129e-01
-1.421273469924926758e+00
3.568520784378051758e+00
-6.040940880775451660e-01
-1.079376816749572754e+00
-2.007791042327880859e+00
8.509197235107421875e-01
1.294757604598999023e+00
4.486200213432312012e-01
-7.377932667732238770e-01
4.153938770294189453e+00
