2.083522319793701172e+00
-1.055447697639465332e+00
-3.211984872817993164e+00
4.190665721893310547e+00
3.037101030349731445e+00
1.915146350860595703e+00
-3.125441789627075195e+00
4.332589149475097656e+00
2.878336012363433838e-01
-1.510513782501220703e+00
3.489778757095336914e+00
2.752421140670776367e+00
4.879816055297851562e+00
2.801222324371337891e+00
1.962118968367576599e-02
-1.292105793952941895e+00
-4.639899253845214844e+00
-4.052231788635253906e+00
-6.594406962394714355e-01
4.947119712829589844e+00
-1.155371904373168945e+00
4.258603572845458984e+00
-4.517142772674560547e+00
4.086272239685058594e+00
-9.311178326606750488e-01
7.826063632965087891e-01
8.274438381195068359e-01
-1.515199184417724609e+00
2.779339849948883057e-01
1.081123709678649902e+00
