-4.590374946594238281e+00
-9.791876673698425293e-01
-2.095990896224975586e+00
3.841934680938720703e+00
-3.371760606765747070e+00
4.960139274597167969e+00
1.120936036109924316e+00
2.262250423431396484e+00
-2.774105072021484375e+00
2.604783773422241211e+00
2.314172029495239258e+00
4.738539218902587891e+00
-3.201085090637207031e+00
4.775798916816711426e-01
3.514032125473022461e+00
-7.683651447296142578e-01
-4.144798278808593750e+00
3.977256059646606445e+00
-3.694746732711791992e+00
-7.113053202629089355e-01
2.019911289215087891e+00
5.985123515129089355e-01
2.152466535568237305e+00
7.879369854927062988e-01
2.243482828140258789e+00
-3.455565497279167175e-02
4.527268409729003906e+00
3.370028734207153320e+00
3.629141092300415039e+00
2.787561655044555664e+00
