-4.811159610748291016e+00
1.062082171440124512e+00
-3.881045103073120117e+00
1.274974107742309570e+00
2.770367145538330078e+00
-3.622799396514892578e+00
-4.917704463005065918e-01
-4.787379264831542969e+00
-1.552823066711425781e+00
-8.903893642127513885e-03
3.122345507144927979e-01
-2.549830436706542969e+00
-3.351372241973876953e+00
-4.550266742706298828e+00
-1.704981327056884766e+00
1.640494585037231445e+00
-2.815629005432128906e+00
-2.304844856262207031e+00
-2.122870683670043945e+00
2.620195150375366211e+00
2.812568426132202148e+00
3.604261875152587891e+00
1.395066261291503906e+00
-1.739342927932739258e+00
-2.514096975326538086e+00
-3.057892084121704102e+00
3.104489564895629883e+00
-2.436564445495605469e+00
-9.391068816184997559e-01
4.289964199066162109e+00
