3.253195047378540039e+00
3.215168237686157227e+00
3.156151533126831055e+00
-2.766363620758056641e+00
4.705163478851318359e+00
-4.658719062805175781e+00
-4.937539577484130859e+00
-1.290127635002136230e-01
5.959963202476501465e-01
2.028032064437866211e+00
-9.568885564804077148e-01
4.672214031219482422e+00
-2.526366472244262695e+00
-1.434651851654052734e+00
1.865336418151855469e+00
-2.091142654418945312e+00
6.174486279487609863e-01
-2.341784238815307617e+00
2.813436686992645264e-01
9.971424005925655365e-03
1.019740223884582520e+00
-1.888196349143981934e+00
-2.165836095809936523e+00
-2.371443510055541992e+00
3.364812850952148438e+00
-4.533904075622558594e+00
8.751921653747558594e-01
-4.244009017944335938e+00
8.151856660842895508e-01
-1.363705635070800781e+00
