1.239893913269042969e+00
3.694794178009033203e+00
-3.408865213394165039e+00
2.248438119888305664e+00
4.387989044189453125e+00
-1.473726052790880203e-02
7.408031225204467773e-01
-1.419308662414550781e+00
-5.014812946319580078e-01
4.577016353607177734e+00
-1.713082909584045410e+00
-3.571757555007934570e+00
2.559538364410400391e+00
-5.251267552375793457e-01
1.585322022438049316e+00
1.941349029541015625e+00
7.554003596305847168e-01
2.594163894653320312e+00
1.886181354522705078e+00
-1.022305250167846680e+00
-3.123130798339843750e+00
2.160187721252441406e+00
3.831495046615600586e+00
8.618335425853729248e-02
-2.986206769943237305e+00
1.575725436210632324e+00
-2.881807386875152588e-01
-9.912188649177551270e-01
-1.964398145675659180e+00
9.655221700668334961e-01
