3.891576051712036133e+00
8.382127285003662109e-01
2.255568742752075195e+00
-4.002885818481445312e+00
4.112348556518554688e+00
1.341722488403320312e+00
1.000855207443237305e+00
2.932328224182128906e+00
3.894511938095092773e+00
-4.968390762805938721e-01
4.015565395355224609e+00
-3.168724536895751953e+00
-3.759083271026611328e+00
4.688747882843017578e+00
3.670992374420166016e+00
-3.449329614639282227e+00
2.723382949829101562e+00
1.711166858673095703e+00
4.012970447540283203e+00
3.835329294204711914e+00
-1.028827428817749023e+00
4.455126285552978516e+00
4.851108551025390625e+00
3.591491699218750000e+00
-3.172818660736083984e+00
3.371390998363494873e-01
4.167084693908691406e+00
2.048400402069091797e+00
4.206879436969757080e-01
-2.734541177749633789e+00
