4.316686153411865234e+00
-4.084068298339843750e+00
-3.036530971527099609e+00
3.890896558761596680e+00
-6.407751441001892090e-01
4.649519443511962891e+00
-2.281375646591186523e+00
-2.333605527877807617e+00
8.480961918830871582e-01
4.569385528564453125e+00
-1.006271123886108398e+00
-8.534120321273803711e-01
-3.908298313617706299e-01
-1.243509888648986816e+00
4.116386890411376953e+00
-3.338646173477172852e+00
2.373797178268432617e+00
-3.466394186019897461e+00
-1.440335988998413086e+00
4.548069000244140625e+00
2.055326461791992188e+00
-3.475819349288940430e+00
4.667603492736816406e+00
-1.265571355819702148e+00
6.954447031021118164e-01
1.933510780334472656e+00
4.301772117614746094e+00
1.582761049270629883e+00
4.675033569335937500e+00
3.346560239791870117e+00
