4.408059120178222656e+00
4.306665420532226562e+00
-8.899351358413696289e-01
4.310829162597656250e+00
2.558343112468719482e-01
4.331087470054626465e-01
3.150228738784790039e+00
7.039198279380798340e-01
2.439601898193359375e+00
4.530708312988281250e+00
-4.449283123016357422e+00
-3.961450099945068359e+00
7.737259864807128906e-01
-1.147568941116333008e+00
-3.464666604995727539e+00
-1.161043167114257812e+00
-3.180254220962524414e+00
2.892062902450561523e+00
-4.449495673179626465e-01
4.729704380035400391e+00
1.148716807365417480e+00
-3.771869540214538574e-01
-2.932010650634765625e+00
9.422401338815689087e-02
-2.730396032333374023e+00
3.467614948749542236e-02
8.966892957687377930e-01
-3.824212074279785156e+00
1.929062843322753906e+00
3.371779680252075195e+00
