-7.714468240737915039e-01
3.921322345733642578e+00
-2.858818531036376953e+00
-4.306701183319091797e+00
6.904726028442382812e-01
-4.122986793518066406e+00
6.043269634246826172e-01
-3.245342969894409180e+00
1.830583661794662476e-01
4.221880435943603516e+00
4.946782588958740234e+00
1.429550170898437500e+00
2.070890188217163086e+00
-4.175270497798919678e-01
7.412524521350860596e-02
3.484879016876220703e+00
-2.266124010086059570e+00
-2.809200622141361237e-02
1.656065702438354492e+00
1.711175799369812012e+00
-7.981365919113159180e-01
-2.113606214523315430e+00
-1.296331048011779785e+00
1.781578779220581055e+00
-3.561631679534912109e+00
-3.075298070907592773e+00
4.587870597839355469e+00
3.904931783676147461e+00
4.607702255249023438e+00
-2.589413404464721680e+00
