3.324439764022827148e+00
5.555688142776489258e-01
-2.223123550415039062e+00
-2.106920242309570312e+00
-9.282768368721008301e-01
-1.799733281135559082e+00
-2.905832529067993164e+00
-1.281814575195312500e-01
-4.882305622100830078e+00
-9.452717304229736328e-01
-2.706916332244873047e+00
-4.271206378936767578e+00
-3.578418493270874023e+00
2.678903818130493164e+00
2.730128765106201172e+00
4.334200859069824219e+00
1.101581335067749023e+00
3.054991662502288818e-01
-2.300648689270019531e+00
1.904952168464660645e+00
-7.413354516029357910e-01
-2.525900602340698242e+00
-2.151972949504852295e-01
4.564282894134521484e+00
3.658572435379028320e+00
3.959148168563842773e+00
-4.664905548095703125e+00
-2.405652523040771484e+00
-3.913551092147827148e+00
-1.918095350265502930e-02
