3.411781311035156250e+00
3.068706512451171875e+00
3.285828590393066406e+00
-1.193402290344238281e+00
2.780191183090209961e+00
-7.557355761528015137e-01
4.625161170959472656e+00
3.254320859909057617e+00
-2.671077013015747070e+00
-3.989358663558959961e+00
-1.734588593244552612e-01
5.660389661788940430e-01
-4.115128993988037109e+00
4.354557991027832031e+00
-2.940980195999145508e+00
2.067122220993041992e+00
-1.157530307769775391e+00
-4.886504173278808594e+00
-3.821678638458251953e+00
-1.802686452865600586e+00
-2.458459138870239258e+00
3.855883121490478516e+00
3.568873643875122070e+00
-2.468214750289916992e+00
1.438841372728347778e-01
4.184063434600830078e+00
-3.392719507217407227e+00
-4.980648517608642578e+00
4.124211788177490234e+00
4.100859165191650391e+00
