-2.929722547531127930e+00
3.392332315444946289e+00
4.624850749969482422e+00
1.398946046829223633e+00
3.850316524505615234e+00
1.920916080474853516e+00
3.998651206493377686e-01
3.084518909454345703e+00
-9.864438772201538086e-01
4.871119499206542969e+00
1.890497088432312012e+00
-1.506667971611022949e+00
3.743413925170898438e+00
3.802123546600341797e+00
-4.311380386352539062e+00
-2.119178771972656250e+00
-1.262414455413818359e-01
4.821197986602783203e+00
-3.910180568695068359e+00
3.239045143127441406e-01
1.818073749542236328e+00
3.411996126174926758e+00
2.508617877960205078e+00
1.436423420906066895e+00
4.691361904144287109e+00
-7.332143187522888184e-01
1.413479924201965332e+00
-9.662197232246398926e-01
-5.414507538080215454e-02
-2.829957246780395508e+00
