-1.903791308403015137e+00
-7.676007747650146484e-01
-9.993575215339660645e-01
3.752492666244506836e+00
4.234082996845245361e-01
-1.073668479919433594e+00
2.540577173233032227e+00
1.623491287231445312e+00
4.577750205993652344e+00
-2.154123306274414062e+00
-2.440373182296752930e+00
3.139435529708862305e+00
4.923831820487976074e-01
-2.237241268157958984e+00
4.088874816894531250e+00
-3.460986852645874023e+00
-4.111818790435791016e+00
-3.430908918380737305e+00
-2.104768753051757812e+00
-3.144856929779052734e+00
-1.568076729774475098e+00
-1.862658381462097168e+00
4.260902404785156250e+00
-1.169542595744132996e-01
-1.284126490354537964e-01
-3.878772497177124023e+00
3.691076040267944336e+00
4.101001739501953125e+00
-1.405229449272155762e+00
4.848821640014648438e+00
