-8.742387592792510986e-02
4.811333656311035156e+00
4.598016738891601562e+00
-4.161111831665039062e+00
2.123268365859985352e+00
-2.466945409774780273e+00
4.304758071899414062e+00
5.007864236831665039e-01
2.461624860763549805e+00
4.877159118652343750e+00
-4.064835548400878906e+00
-4.308386325836181641e+00
3.099481105804443359e+00
1.850233674049377441e+00
-2.431106805801391602e+00
3.833433628082275391e+00
-3.933156251907348633e+00
1.130662679672241211e+00
-2.584533691406250000e+00
-2.301485300064086914e+00
4.909421443939208984e+00
2.220473051071166992e+00
2.329256534576416016e+00
-4.535320281982421875e+00
2.416658878326416016e+00
1.889413356781005859e+00
7.269054651260375977e-01
-3.581414699554443359e+00
3.671727657318115234e+00
-3.029632806777954102e+00
