-4.688584804534912109e+00
-3.100947618484497070e+00
-3.797144651412963867e+00
2.606991529464721680e+00
3.226468086242675781e+00
3.459010362625122070e+00
-3.430855989456176758e+00
2.988176822662353516e+00
-1.026715636253356934e+00
-4.655764579772949219e+00
2.868699789047241211e+00
1.560183167457580566e+00
4.272106587886810303e-01
-2.117344856262207031e+00
-3.473264694213867188e+00
4.950307846069335938e+00
1.002376675605773926e+00
-3.042481899261474609e+00
-1.102687954902648926e+00
8.809445500373840332e-01
2.405594110488891602e+00
1.812370657920837402e+00
-2.754056692123413086e+00
-2.231227874755859375e+00
4.136128902435302734e+00
-3.505297422409057617e+00
-4.836266517639160156e+00
5.499160289764404297e-01
-3.078901529312133789e+00
4.825945377349853516e+00
