2.356960535049438477e+00
3.057952880859375000e+00
-1.913623571395874023e+00
1.572061657905578613e+00
2.679904222488403320e+00
-9.894252419471740723e-01
-1.510047674179077148e+00
-9.419297575950622559e-01
1.875684618949890137e+00
4.802217006683349609e+00
4.934988975524902344e+00
4.176245689392089844e+00
3.099526882171630859e+00
-3.653166294097900391e+00
2.131257295608520508e+00
-5.018011853098869324e-02
-4.870838642120361328e+00
8.837967514991760254e-01
-1.473731756210327148e+00
-2.084788799285888672e+00
-7.855203747749328613e-01
3.063232660293579102e+00
-3.664214313030242920e-01
4.642137289047241211e-01
3.072005510330200195e+00
3.081394135951995850e-01
-4.608444690704345703e+00
2.927979230880737305e+00
-4.841547489166259766e+00
3.141265213489532471e-01
