-1.772445917129516602e+00
-1.889843642711639404e-01
-5.320643186569213867e-01
3.406589269638061523e+00
-1.392193794250488281e+00
-4.576992988586425781e-02
4.842237949371337891e+00
-9.164859652519226074e-01
-2.438681602478027344e+00
3.642715215682983398e-01
3.138012886047363281e-01
-1.430248379707336426e+00
-9.270922541618347168e-01
1.798398852348327637e+00
2.755570888519287109e+00
-6.302889585494995117e-01
-2.750229835510253906e+00
3.869120597839355469e+00
2.982021570205688477e+00
-9.996460676193237305e-01
-1.078977704048156738e+00
1.518683671951293945e+00
-6.077699661254882812e-01
-1.712854027748107910e+00
-2.722928762435913086e+00
-3.126282215118408203e+00
-1.216447949409484863e+00
-4.015890598297119141e+00
2.771447896957397461e+00
8.170448541641235352e-01
