3.079389035701751709e-02
2.733463287353515625e+00
-3.982938766479492188e+00
2.789328813552856445e+00
-6.129319667816162109e-01
-3.401281118392944336e+00
3.438461065292358398e+00
-2.406939029693603516e+00
4.177882671356201172e+00
2.731969118118286133e+00
-2.520172834396362305e+00
1.254314541816711426e+00
-5.639764070510864258e-01
-2.188987255096435547e+00
2.975986719131469727e+00
1.460967421531677246e+00
4.156403064727783203e+00
-3.492949724197387695e+00
-1.496229767799377441e+00
4.290355682373046875e+00
4.974055290222167969e+00
-3.080889463424682617e+00
-1.165490865707397461e+00
1.424589157104492188e+00
-2.065163373947143555e+00
3.431220948696136475e-01
1.634249210357666016e+00
3.874369859695434570e+00
-8.007674217224121094e-01
3.673950910568237305e+00
