9.323215484619140625e-01
-3.366935014724731445e+00
1.484275221824645996e+00
-1.381893396377563477e+00
-3.860860824584960938e+00
-4.332446575164794922e+00
-9.160553216934204102e-01
4.050285816192626953e+00
3.275013864040374756e-01
-7.756209373474121094e-01
4.172348976135253906e+00
4.440456390380859375e+00
-3.025118827819824219e+00
-4.267188549041748047e+00
-2.307079553604125977e+00
3.099671125411987305e+00
-4.363082885742187500e+00
3.943835258483886719e+00
8.145139217376708984e-01
-1.503755569458007812e+00
3.292237520217895508e+00
2.580340147018432617e+00
-1.101630687713623047e+00
-3.306299209594726562e+00
4.022540092468261719e+00
-3.812026500701904297e+00
-1.733830332756042480e+00
4.176196575164794922e+00
-1.381788611412048340e+00
-4.174593925476074219e+00
