-3.381063640117645264e-01
2.476966857910156250e+00
-2.510541915893554688e+00
1.380049586296081543e+00
-3.999749422073364258e+00
-3.656541705131530762e-01
4.637463569641113281e+00
4.731007575988769531e+00
-1.321112394332885742e+00
-1.108916759490966797e+00
-5.778171420097351074e-01
-3.217709302902221680e+00
4.472322940826416016e+00
4.850600242614746094e+00
-3.573146820068359375e+00
3.338813066482543945e+00
-4.791861057281494141e+00
2.138509988784790039e+00
2.988091230392456055e+00
2.391688711941242218e-02
1.126052379608154297e+00
2.497807741165161133e+00
-3.764664649963378906e+00
-1.654109358787536621e+00
-2.061677932739257812e+00
-2.568535327911376953e+00
2.176988869905471802e-01
-1.392014622688293457e+00
-9.399360418319702148e-01
-1.109601259231567383e+00
