-4.517785072326660156e+00
5.554085969924926758e-01
4.820120334625244141e+00
-4.272861003875732422e+00
-3.282966613769531250e+00
2.921176433563232422e+00
3.601122379302978516e+00
-4.101749897003173828e+00
2.698694705963134766e+00
-3.959290027618408203e+00
3.923900604248046875e+00
4.647554874420166016e+00
-6.541994810104370117e-01
3.476997375488281250e+00
2.076173126697540283e-01
-4.097258567810058594e+00
-2.576161146163940430e+00
3.280378818511962891e+00
4.194849014282226562e+00
-3.426156044006347656e+00
3.450861692428588867e+00
9.627920389175415039e-01
-3.342915296554565430e+00
-2.588258504867553711e+00
3.256384372711181641e+00
2.175113439559936523e+00
-6.770926117897033691e-01
-2.819093465805053711e+00
4.994524121284484863e-01
-2.304228544235229492e+00
