-8.756175637245178223e-01
-4.970416545867919922e+00
4.377529144287109375e+00
4.671353816986083984e+00
-3.092947721481323242e+00
6.264191865921020508e-01
-4.394495964050292969e+00
7.715973258018493652e-01
4.813454627990722656e+00
2.479280471801757812e+00
2.054588317871093750e+00
4.761453628540039062e+00
2.888508439064025879e-01
-2.442297220230102539e+00
-2.903702497482299805e+00
-3.235498189926147461e+00
2.269486665725708008e+00
4.629512310028076172e+00
3.458311796188354492e+00
2.322923183441162109e+00
4.828454494476318359e+00
-1.963529467582702637e+00
-1.354273796081542969e+00
2.952348470687866211e+00
2.996550321578979492e+00
-2.003034591674804688e+00
4.662939012050628662e-01
-4.560652375221252441e-01
2.427471876144409180e+00
4.990152359008789062e+00
