4.005275249481201172e+00
3.888562202453613281e+00
-1.437695503234863281e+00
2.328442811965942383e+00
-4.430339813232421875e+00
-3.561886548995971680e+00
1.739644169807434082e+00
1.559583783149719238e+00
3.100778162479400635e-01
3.306090116500854492e+00
-4.247090339660644531e+00
-3.824706077575683594e-01
-2.302196502685546875e+00
-1.177954435348510742e+00
3.682178497314453125e+00
-4.889398515224456787e-01
-4.005217552185058594e+00
7.695643901824951172e-01
-1.405798196792602539e+00
2.987220883369445801e-01
-1.399302244186401367e+00
-4.725395679473876953e+00
2.717401981353759766e+00
-4.976426124572753906e+00
-2.262696743011474609e+00
2.077291965484619141e+00
3.083615541458129883e+00
-3.079823970794677734e+00
-1.436260104179382324e+00
-2.603464365005493164e+00
