2.846742630004882812e+00
2.070175886154174805e+00
-2.074756026268005371e-01
-4.123198091983795166e-01
2.164811611175537109e+00
-1.707781314849853516e+00
3.918598890304565430e-01
3.580398857593536377e-01
5.067495107650756836e-01
-2.062026023864746094e+00
-8.234506249427795410e-01
2.554649114608764648e+00
3.759125947952270508e+00
2.627680063247680664e+00
-4.654132843017578125e+00
-4.166975021362304688e+00
-2.017204612493515015e-01
4.775120913982391357e-01
1.628073692321777344e+00
-3.888277292251586914e+00
2.586382150650024414e+00
3.025241851806640625e+00
3.164060592651367188e+00
-3.276271581649780273e+00
-2.917231798171997070e+00
-3.921415805816650391e+00
9.698423743247985840e-01
3.600707948207855225e-01
-3.279538631439208984e+00
3.181732892990112305e+00
