-6.511831879615783691e-01
2.401960611343383789e+00
2.378890991210937500e+00
-3.694797754287719727e+00
-3.128355026245117188e+00
5.478641986846923828e-01
-2.677127361297607422e+00
-6.893817782402038574e-01
-2.676889419555664062e+00
2.301921367645263672e+00
4.029211044311523438e+00
-3.511164426803588867e+00
-1.352383941411972046e-01
-2.844448089599609375e+00
2.014358639717102051e-01
-2.579554080963134766e+00
-4.001408100128173828e+00
-1.668245673179626465e+00
2.853829383850097656e+00
-2.980662107467651367e+00
3.261148214340209961e+00
-3.102994441986083984e+00
-3.211532592773437500e+00
-6.589301228523254395e-01
1.249027967453002930e+00
-3.387835502624511719e+00
4.811851501464843750e+00
2.592095434665679932e-01
1.474140584468841553e-01
2.458350419998168945e+00
