1.065079212188720703e+00
-3.282449007034301758e+00
-4.473885536193847656e+00
2.152805089950561523e+00
5.252352356910705566e-01
1.222308516502380371e+00
-2.370450496673583984e+00
2.933202683925628662e-01
1.137083530426025391e+00
-1.584059596061706543e+00
3.139858543872833252e-01
-3.763324499130249023e+00
3.855365276336669922e+00
-3.871629714965820312e+00
-1.125401854515075684e+00
1.746642351150512695e+00
4.467966556549072266e+00
5.718842521309852600e-02
8.589824438095092773e-01
-1.059373021125793457e-01
-3.305157661437988281e+00
1.874053955078125000e+00
-4.026126384735107422e+00
-5.549975633621215820e-01
-2.271689891815185547e+00
-7.868118882179260254e-01
-2.138647556304931641e+00
-4.688073635101318359e+00
2.216609716415405273e+00
1.353590965270996094e+00
