-1.275564432144165039e+00
4.619119167327880859e+00
2.004763126373291016e+00
-2.156352102756500244e-01
3.703627586364746094e+00
3.371517896652221680e+00
-1.718495488166809082e-01
-2.606634140014648438e+00
-3.837448835372924805e+00
1.691668987274169922e+00
-8.219619393348693848e-01
-1.756781578063964844e+00
-1.007964730262756348e+00
-2.080185413360595703e+00
-4.712391376495361328e+00
-3.095770597457885742e+00
7.091436386108398438e-01
3.115286350250244141e+00
4.352079391479492188e+00
-4.642374038696289062e+00
-4.649155616760253906e+00
3.430654048919677734e+00
-3.806725502014160156e+00
2.583156108856201172e+00
2.640989542007446289e+00
-2.203244209289550781e+00
1.680339097976684570e+00
6.405901312828063965e-01
-2.830241918563842773e+00
-1.130025506019592285e+00
