8.898894190788269043e-01
3.880934476852416992e+00
1.577702760696411133e+00
3.276621103286743164e+00
3.803375720977783203e+00
3.200055122375488281e+00
3.236949682235717773e+00
4.581423759460449219e+00
-3.205828189849853516e+00
-3.864704370498657227e+00
-1.054724603891372681e-01
-3.580347776412963867e+00
8.874049037694931030e-02
4.323854923248291016e+00
1.164513349533081055e+00
-2.760202407836914062e+00
-4.280613899230957031e+00
2.658749818801879883e+00
-2.395276069641113281e+00
-4.718679487705230713e-01
-6.799134612083435059e-01
-4.704834461212158203e+00
-1.884991288185119629e+00
-2.316550493240356445e+00
1.076911926269531250e+00
-2.266260147094726562e+00
-3.790640354156494141e+00
-2.420457601547241211e+00
2.035296201705932617e+00
1.442553997039794922e+00
