4.209421157836914062e+00
3.972789764404296875e+00
-2.259956121444702148e+00
6.635480374097824097e-02
3.544770002365112305e+00
-4.189786911010742188e+00
2.390089750289916992e+00
-4.551185369491577148e-01
1.799931049346923828e+00
6.624900102615356445e-01
-8.551495075225830078e-01
-3.549636125564575195e+00
-1.737031459808349609e+00
-2.227386951446533203e+00
3.966313600540161133e-01
-9.475073963403701782e-02
-2.699913740158081055e+00
4.316084384918212891e+00
2.766906261444091797e+00
3.548830270767211914e+00
1.744291305541992188e+00
2.002276182174682617e+00
-1.269838571548461914e+00
3.200162649154663086e+00
3.296438694000244141e+00
-2.356680393218994141e+00
-4.585368633270263672e+00
-8.579514622688293457e-01
-1.463252119719982147e-02
4.820421695709228516e+00
