3.590931415557861328e+00
-5.234234929084777832e-01
1.736417889595031738e+00
-2.153887033462524414e+00
8.517155647277832031e-01
2.613182783126831055e+00
-2.516217470169067383e+00
1.180881142616271973e+00
1.859593152999877930e+00
-2.114652633666992188e+00
-3.544425725936889648e+00
-3.366912841796875000e+00
4.817611217498779297e+00
3.152719974517822266e+00
3.510564327239990234e+00
-1.486902475357055664e+00
3.350288867950439453e+00
-1.315701246261596680e+00
1.317172884941101074e+00
-4.465778470039367676e-01
4.095856666564941406e+00
-2.270989894866943359e+00
3.120898246765136719e+00
6.405145525932312012e-01
-3.263488531112670898e+00
-4.191114902496337891e+00
4.119169235229492188e+00
-4.300857067108154297e+00
2.366129875183105469e+00
-4.396940708160400391e+00
