3.839529037475585938e+00
3.623120307922363281e+00
-3.553572177886962891e+00
-2.028685569763183594e+00
4.879151821136474609e+00
-4.621847152709960938e+00
3.538743019104003906e+00
-9.392467737197875977e-01
4.362364768981933594e+00
-5.903318524360656738e-01
-2.804321765899658203e+00
-2.019125938415527344e+00
-3.430124759674072266e+00
3.869539022445678711e+00
4.348093032836914062e+00
-4.898741722106933594e+00
-1.278495311737060547e+00
-1.976773262023925781e+00
-4.563008308410644531e+00
-2.655735969543457031e+00
-2.457629680633544922e+00
1.227198004722595215e+00
-2.681566238403320312e+00
-2.091074466705322266e+00
8.689658641815185547e-01
3.353326082229614258e+00
2.925357580184936523e+00
4.548224449157714844e+00
5.276821851730346680e-01
-4.170378670096397400e-02
