4.525324821472167969e+00
1.310650706291198730e-01
-2.005300998687744141e+00
9.481434226036071777e-01
2.044471263885498047e+00
-3.937595605850219727e+00
-2.808051824569702148e+00
-2.935142278671264648e+00
1.987024188041687012e+00
-2.542715072631835938e-01
-9.047375321388244629e-01
1.936602950096130371e+00
1.541168689727783203e+00
3.318907737731933594e+00
-1.374077200889587402e+00
4.725961685180664062e+00
8.202180266380310059e-01
4.139101982116699219e+00
-2.792614698410034180e+00
-3.241678714752197266e+00
-2.572102308273315430e+00
-3.005945682525634766e+00
-2.365218639373779297e+00
4.026582717895507812e+00
-4.278873920440673828e+00
-3.591989994049072266e+00
3.316427469253540039e+00
3.672569036483764648e+00
-4.105681419372558594e+00
3.432698249816894531e+00
