8.460285663604736328e-01
-3.898683547973632812e+00
4.199669361114501953e+00
-2.729696989059448242e+00
4.271329045295715332e-01
-3.960772156715393066e-01
-4.314346313476562500e+00
1.502630352973937988e+00
2.095488071441650391e+00
-3.706153869628906250e+00
2.921006202697753906e+00
-1.437166810035705566e+00
-4.254728317260742188e+00
2.234269857406616211e+00
2.433024406433105469e+00
-2.714044332504272461e+00
4.140781879425048828e+00
4.373238563537597656e+00
-4.221958160400390625e+00
-4.047137260437011719e+00
4.470516681671142578e+00
1.833681225776672363e+00
4.479809761047363281e+00
-4.084360599517822266e+00
3.435704231262207031e+00
-4.678162097930908203e+00
-1.044676661491394043e+00
3.242919921875000000e+00
-2.345705032348632812e+00
7.288343906402587891e-01
