2.240619063377380371e-01
-4.200222492218017578e+00
4.558034896850585938e+00
-7.472936809062957764e-02
2.316011935472488403e-01
-4.720263481140136719e+00
-3.576382160186767578e+00
-2.104977369308471680e+00
-3.999818488955497742e-02
1.934854626655578613e+00
2.815357208251953125e+00
-4.211980819702148438e+00
3.632611751556396484e+00
-3.453918695449829102e+00
3.964676856994628906e+00
1.294869661331176758e+00
1.836168646812438965e+00
-2.759261846542358398e+00
4.677650451660156250e+00
4.684924602508544922e+00
4.581706523895263672e+00
-2.053968667984008789e+00
-1.101061940193176270e+00
4.175232887268066406e+00
1.216258883476257324e+00
8.392963409423828125e-01
-5.126618742942810059e-01
-3.149259090423583984e-01
-1.990964055061340332e+00
4.184177875518798828e+00
