6.881397962570190430e-01
2.748367547988891602e+00
2.186837196350097656e+00
-8.987111449241638184e-01
4.275914669036865234e+00
4.494081974029541016e+00
-2.431973814964294434e-01
3.926693916320800781e+00
1.005537390708923340e+00
9.593544006347656250e-01
1.149408578872680664e+00
1.087804317474365234e+00
4.690051078796386719e+00
-4.946763992309570312e+00
-3.863505423069000244e-01
2.100556135177612305e+00
4.997808456420898438e+00
-2.024418592453002930e+00
1.119366168975830078e+00
9.123792052268981934e-01
-1.873674273490905762e+00
1.661935329437255859e+00
-1.770691871643066406e+00
-1.960150361061096191e+00
-3.378883302211761475e-01
-2.330248832702636719e+00
4.045608520507812500e+00
-2.194519042968750000e+00
-7.110306620597839355e-01
-1.834518909454345703e+00
