-2.817290306091308594e+00
2.922105193138122559e-01
4.164272308349609375e+00
-9.397420883178710938e-01
-2.764721155166625977e+00
3.205276250839233398e+00
3.227264642715454102e+00
3.635195493698120117e+00
-2.963435411453247070e+00
-2.728580713272094727e+00
-4.854572772979736328e+00
1.105051875114440918e+00
1.381141662597656250e+00
4.521403312683105469e+00
-2.454871892929077148e+00
-4.708840370178222656e+00
-2.992432355880737305e+00
8.208182454109191895e-01
4.457288265228271484e+00
9.319565296173095703e-01
4.363384723663330078e+00
2.801514387130737305e+00
-4.442950725555419922e+00
-2.171926736831665039e+00
-2.055334329605102539e+00
-1.149597764015197754e-01
-1.196088194847106934e+00
3.751632213592529297e+00
1.855197906494140625e+00
4.719206333160400391e+00
