-1.016483783721923828e+00
4.357009828090667725e-01
4.404326438903808594e+00
-4.146304607391357422e+00
-4.432426929473876953e+00
-3.911255121231079102e+00
1.300027370452880859e+00
3.066260576248168945e+00
4.102838635444641113e-01
1.736343979835510254e+00
2.496162414550781250e+00
-2.749025106430053711e+00
3.909461736679077148e+00
5.293425917625427246e-01
-3.462366819381713867e+00
3.428733825683593750e+00
-3.555697202682495117e+00
-3.232220411300659180e+00
5.340554118156433105e-01
2.409726195037364960e-02
-3.690872192382812500e+00
-1.076427102088928223e+00
2.544488191604614258e+00
3.184485197067260742e+00
-1.306256294250488281e+00
4.712347686290740967e-01
-2.845149517059326172e+00
4.307610690593719482e-01
-3.590173959732055664e+00
-4.807422637939453125e+00
