3.245200634002685547e+00
3.956077337265014648e+00
3.881055593490600586e+00
-1.134926915168762207e+00
-2.548177719116210938e+00
-4.581850469112396240e-01
-2.882933616638183594e+00
4.602707862854003906e+00
-6.563404798507690430e-01
-4.777151107788085938e+00
2.177014589309692383e+00
-3.916544198989868164e+00
1.110862731933593750e+00
4.782141685485839844e+00
-4.819059371948242188e+00
-4.439931392669677734e+00
-6.733156442642211914e-01
-3.310754537582397461e+00
8.301701396703720093e-03
-2.719717979431152344e+00
2.961677610874176025e-01
9.082943201065063477e-01
-7.420421242713928223e-01
3.468408286571502686e-01
4.294541835784912109e+00
-4.075926780700683594e+00
-1.616051077842712402e+00
-4.845266342163085938e+00
-7.536801099777221680e-01
3.191876888275146484e+00
