4.062343120574951172e+00
3.764860153198242188e+00
-4.041280746459960938e+00
-3.453054904937744141e+00
1.526521444320678711e+00
3.768248081207275391e+00
3.397292613983154297e+00
1.376922965049743652e+00
3.868568241596221924e-01
4.196221232414245605e-01
2.275090932846069336e+00
-2.485732287168502808e-01
4.075045585632324219e+00
3.860028743743896484e+00
3.452462196350097656e+00
4.235249519348144531e+00
2.792565822601318359e+00
4.444251954555511475e-01
-4.027104854583740234e+00
-4.239747524261474609e+00
2.356968164443969727e+00
-4.175977706909179688e+00
9.881010055541992188e-01
4.017845630645751953e+00
3.179579377174377441e-01
-4.588805198669433594e+00
4.497027873992919922e+00
-1.028918385505676270e+00
3.831457376480102539e+00
-4.935172498226165771e-01
