4.118818283081054688e+00
1.802815675735473633e+00
4.213237762451171875e+00
2.288421392440795898e+00
-6.865272521972656250e-01
4.856196641921997070e-01
-1.280977427959442139e-01
-2.425336360931396484e+00
2.867554664611816406e+00
-1.300423860549926758e+00
1.485815048217773438e+00
-7.580025792121887207e-01
-4.212346553802490234e+00
2.015493154525756836e+00
1.618821024894714355e+00
9.492079019546508789e-01
-4.424761295318603516e+00
2.795788049697875977e+00
-3.299664735794067383e+00
-1.785855889320373535e+00
2.482363462448120117e+00
1.519683599472045898e+00
-1.709798574447631836e+00
-2.985597133636474609e+00
4.804771423339843750e+00
-7.257021665573120117e-01
2.947463274002075195e+00
-4.826719760894775391e+00
1.702323913574218750e+00
4.774387359619140625e+00
