-4.749777317047119141e+00
-3.499358177185058594e+00
-2.511934280395507812e+00
2.462768107652664185e-01
3.544406652450561523e+00
-4.215865135192871094e+00
3.047674000263214111e-01
-4.334188938140869141e+00
-2.293040156364440918e-01
1.411618471145629883e+00
-1.926389485597610474e-01
1.186680436134338379e+00
-4.646018981933593750e+00
2.288080453872680664e+00
2.556452713906764984e-02
1.970174193382263184e+00
3.119229555130004883e+00
1.634689927101135254e+00
-4.837008476257324219e+00
2.315788507461547852e+00
2.147606015205383301e-01
1.593821883201599121e+00
-1.764227747917175293e+00
-4.834290981292724609e+00
1.578111290931701660e+00
4.269416809082031250e+00
1.266072869300842285e+00
-4.222119808197021484e+00
-3.568457365036010742e+00
1.825221180915832520e+00
