-2.659248113632202148e-01
-3.121996641159057617e+00
4.284430027008056641e+00
4.751200675964355469e+00
-1.148625135421752930e+00
1.812821745872497559e+00
3.166314125061035156e+00
-3.773160219192504883e+00
3.100314855575561523e+00
3.684702396392822266e+00
2.960858821868896484e+00
-3.652402639389038086e+00
-1.318630576133728027e+00
3.055551089346408844e-02
-1.010573267936706543e+00
-3.098814785480499268e-01
2.801269531250000000e+00
3.793541431427001953e+00
-2.237822294235229492e+00
-2.398807048797607422e+00
4.636589050292968750e+00
-1.504797577857971191e+00
-4.732961177825927734e+00
-2.919638395309448242e+00
3.283608913421630859e+00
-4.431517601013183594e+00
4.905124664306640625e+00
4.742149710655212402e-01
6.034473180770874023e-01
1.715030670166015625e+00
