3.938724994659423828e-01
1.737284183502197266e+00
4.667257785797119141e+00
-1.003645300865173340e+00
3.688691139221191406e+00
-1.886876583099365234e+00
-6.386032104492187500e-01
4.495121955871582031e+00
-1.870656728744506836e+00
3.106965303421020508e+00
2.701572895050048828e+00
-3.400227546691894531e+00
2.220571279525756836e+00
-2.806134700775146484e+00
3.558780848979949951e-01
-8.944014310836791992e-01
1.917718768119812012e+00
2.444005966186523438e+00
-4.613281726837158203e+00
-2.356521844863891602e+00
4.284265995025634766e+00
1.666973114013671875e+00
3.926122188568115234e+00
-3.474449872970581055e+00
9.462554752826690674e-02
-1.025014281272888184e+00
4.509757041931152344e+00
7.215086370706558228e-02
-3.950751543045043945e+00
4.172075748443603516e+00
