-3.308407962322235107e-02
3.256769895553588867e+00
-2.644039154052734375e+00
-3.932344675064086914e+00
-2.271687507629394531e+00
6.428569555282592773e-02
7.358709722757339478e-02
4.839253902435302734e+00
2.958417654037475586e+00
9.536726027727127075e-02
2.472606658935546875e+00
3.901761054992675781e+00
5.955774784088134766e-01
-1.412891626358032227e+00
4.991352081298828125e+00
2.098219871520996094e+00
-3.378084182739257812e+00
4.400884151458740234e+00
-1.279733180999755859e+00
-1.516368508338928223e+00
3.482383012771606445e+00
-3.504121065139770508e+00
-3.576524555683135986e-01
-3.447944402694702148e+00
3.131938457489013672e+00
-3.209558725357055664e+00
-7.244486808776855469e-01
3.260571658611297607e-01
2.813467502593994141e+00
-1.565180540084838867e+00
