-1.345797300338745117e+00
3.331721305847167969e+00
4.376331806182861328e+00
-4.571193695068359375e+00
2.396489620208740234e+00
-2.350363731384277344e+00
4.678623199462890625e+00
-4.990817606449127197e-02
2.007026672363281250e+00
2.744938611984252930e+00
4.242406845092773438e+00
-6.153351068496704102e-01
-9.815095663070678711e-01
2.946428298950195312e+00
-1.695550322532653809e+00
-2.362972259521484375e+00
1.914837956428527832e-01
-2.732777595520019531e+00
-8.937787413597106934e-01
3.941142559051513672e+00
3.777295351028442383e+00
-1.326182961463928223e+00
-4.841358661651611328e+00
-1.018859386444091797e+00
3.512526035308837891e+00
5.386666655540466309e-01
-2.798924684524536133e+00
4.024645686149597168e-01
-3.541234731674194336e+00
1.095786929130554199e+00
