1.061140656471252441e+00
2.511401176452636719e+00
2.723115682601928711e-01
2.498754739761352539e+00
1.125902414321899414e+00
1.901050567626953125e+00
5.868035182356834412e-02
-1.423528552055358887e+00
-1.111968994140625000e+00
-2.245484352111816406e+00
-3.155199050903320312e+00
2.986222505569458008e+00
3.656188011169433594e+00
1.695768356323242188e+00
4.346753120422363281e+00
-4.209647178649902344e+00
-8.885195255279541016e-01
3.038388729095458984e+00
-7.345623970031738281e-01
4.739006042480468750e+00
-3.277485132217407227e+00
8.842813968658447266e-01
-1.055083394050598145e+00
2.984224557876586914e+00
-1.504540205001831055e+00
4.636244297027587891e+00
7.186418175697326660e-01
9.580505490303039551e-01
-3.032351016998291016e+00
3.463604688644409180e+00
