-2.492339849472045898e+00
2.945595502853393555e+00
-2.719383955001831055e+00
3.701876401901245117e+00
5.048051476478576660e-01
-3.941145420074462891e+00
-3.307677030563354492e+00
4.018322944641113281e+00
-3.216614961624145508e+00
3.609726190567016602e+00
-3.402789592742919922e+00
-3.169893503189086914e+00
-4.402388572692871094e+00
-3.049919605255126953e+00
2.618266105651855469e+00
-4.785632133483886719e+00
-3.539065361022949219e+00
4.404330730438232422e+00
3.845286130905151367e+00
4.021680355072021484e+00
-2.566717624664306641e+00
-1.101237058639526367e+00
2.328962087631225586e+00
-1.303960800170898438e+00
1.787302970886230469e+00
-4.236554622650146484e+00
-7.305852770805358887e-01
4.896528720855712891e+00
-2.793936967849731445e+00
-8.702805638313293457e-01
