-4.380765914916992188e+00
-2.273314476013183594e+00
3.595394372940063477e+00
-2.407225131988525391e+00
1.216274499893188477e+00
3.830754995346069336e+00
-3.093195676803588867e+00
-1.896318793296813965e+00
-2.536033093929290771e-01
1.223510596901178360e-02
-2.546337366104125977e+00
-4.166745185852050781e+00
-2.819164037704467773e+00
4.608752727508544922e+00
-5.410878062248229980e-01
2.676121950149536133e+00
2.441339045763015747e-01
3.915019512176513672e+00
-2.444201231002807617e+00
-2.137477874755859375e+00
3.635721921920776367e+00
7.335065603256225586e-01
-9.063230752944946289e-01
-1.953120708465576172e+00
-9.994149208068847656e-01
-6.706751585006713867e-01
9.494553804397583008e-01
1.787401080131530762e+00
1.749005317687988281e+00
-4.897440433502197266e+00
