4.053332805633544922e+00
3.306309223175048828e+00
-1.825601220130920410e+00
1.682433962821960449e+00
3.315944194793701172e+00
3.499203443527221680e+00
-6.188455224037170410e-01
1.354197978973388672e+00
3.777513027191162109e+00
4.799364089965820312e+00
-2.740890502929687500e+00
-2.793970108032226562e+00
-2.133051395416259766e+00
4.059483051300048828e+00
1.270088739693164825e-02
1.854111671447753906e+00
2.789219856262207031e+00
3.479693174362182617e+00
-3.952492475509643555e+00
-2.748717784881591797e+00
-1.042374730110168457e+00
-3.307309865951538086e+00
-1.336170434951782227e+00
-2.327652454376220703e+00
-1.788913488388061523e+00
4.090846538543701172e+00
5.088150501251220703e-01
6.199501752853393555e-01
-1.071161255240440369e-01
-4.378167688846588135e-01
