1.012760519981384277e+00
-4.217023849487304688e+00
4.670380592346191406e+00
-1.326259255409240723e+00
4.108853340148925781e+00
-4.131787300109863281e+00
-2.640238702297210693e-01
-4.411650180816650391e+00
-2.545705556869506836e+00
2.725429296493530273e+00
2.259775638580322266e+00
1.645508766174316406e+00
-7.592819333076477051e-01
3.042589686810970306e-02
-7.342200875282287598e-01
1.290055871009826660e+00
4.103860259056091309e-01
-3.541743457317352295e-01
-3.699808120727539062e+00
-4.097052574157714844e+00
-1.129164576530456543e+00
-1.207428812980651855e+00
-6.956900358200073242e-01
1.361753463745117188e+00
6.469716131687164307e-02
4.922172546386718750e+00
4.054241180419921875e+00
2.347910404205322266e+00
1.682764291763305664e-01
3.718854665756225586e+00
