3.192018032073974609e+00
-1.059966564178466797e+00
-1.744882583618164062e+00
-4.333077907562255859e+00
4.859497070312500000e+00
4.092329025268554688e+00
2.801219940185546875e+00
4.027903556823730469e+00
-3.590280532836914062e+00
1.677376985549926758e+00
-2.884418964385986328e+00
9.761366844177246094e-01
1.823809385299682617e+00
-3.364115715026855469e+00
-4.579952239990234375e+00
-4.717966079711914062e+00
-2.442740201950073242e+00
-4.758835792541503906e+00
-7.060934305191040039e-01
-2.913109302520751953e+00
-1.131150722503662109e+00
-3.630630254745483398e+00
-4.535706520080566406e+00
2.156265638768672943e-02
-1.832514524459838867e+00
1.046995259821414948e-02
1.017704367637634277e+00
-1.247931003570556641e+00
2.902248859405517578e+00
-1.650599479675292969e+00
