-1.897116780281066895e+00
-3.708618164062500000e+00
4.950135231018066406e+00
3.658954620361328125e+00
7.366264462471008301e-01
-2.834173440933227539e+00
7.745518684387207031e-01
4.058683872222900391e+00
-4.405415534973144531e+00
-9.271168708801269531e-01
-2.935285806655883789e+00
3.574336051940917969e+00
-2.862515449523925781e+00
3.972241878509521484e+00
2.288567304611206055e+00
4.832572460174560547e+00
3.435149669647216797e+00
-2.116699695587158203e+00
5.559775233268737793e-01
1.185007810592651367e+00
1.726389169692993164e+00
-1.286177635192871094e+00
-4.301376819610595703e+00
-2.558668136596679688e+00
-4.695620536804199219e+00
3.122777462005615234e+00
1.105736494064331055e-01
-4.998013019561767578e+00
4.739480018615722656e+00
2.848165512084960938e+00
