-2.628484725952148438e+00
-3.195072650909423828e+00
1.336001873016357422e+00
-4.821267604827880859e+00
2.513180375099182129e-01
3.127407550811767578e+00
-4.241861343383789062e+00
-1.783065199851989746e+00
-3.521264076232910156e+00
-3.681850433349609375e+00
1.651409983634948730e+00
7.097374796867370605e-01
4.200757026672363281e+00
2.554189205169677734e+00
2.285130500793457031e+00
4.018769264221191406e+00
3.328372955322265625e+00
9.802411198616027832e-01
-3.479970693588256836e+00
5.095563456416130066e-02
-3.213830471038818359e+00
-3.717436688020825386e-03
1.452250123023986816e+00
9.955870509147644043e-01
-4.907163143157958984e+00
3.757488727569580078e+00
1.933539032936096191e+00
-7.488746047019958496e-01
-3.372619390487670898e+00
-3.604125261306762695e+00
