-4.398063182830810547e+00
-1.164789676666259766e+00
-4.414134979248046875e+00
-3.597185850143432617e+00
-4.900701344013214111e-01
7.309045195579528809e-01
-3.556648731231689453e+00
1.562617659568786621e+00
-5.474408864974975586e-01
1.805448055267333984e+00
3.315792322158813477e+00
2.224430561065673828e+00
-3.376746654510498047e+00
-4.144511699676513672e+00
-4.909242093563079834e-01
4.472261905670166016e+00
7.934382557868957520e-01
3.463347673416137695e+00
4.267800331115722656e+00
-3.053161621093750000e+00
-3.295082092285156250e+00
-6.600069999694824219e-01
3.677751541137695312e+00
-2.858284473419189453e+00
1.955769062042236328e-01
-3.684874057769775391e+00
-2.440480947494506836e+00
2.180459499359130859e+00
1.110690712928771973e+00
7.012873291969299316e-01
