-2.740487813949584961e+00
-1.357854843139648438e+00
2.464713573455810547e+00
-3.659193515777587891e+00
-3.954691648483276367e+00
-1.563810586929321289e+00
2.306270360946655273e+00
4.218249320983886719e+00
1.492581963539123535e+00
1.858263969421386719e+00
-4.536668300628662109e+00
2.491382598876953125e+00
-1.200725317001342773e+00
2.834594964981079102e+00
7.896606326103210449e-01
1.354514718055725098e+00
-4.166712284088134766e+00
-3.264701843261718750e+00
-4.876205921173095703e+00
3.867884635925292969e+00
8.836728930473327637e-01
3.673454046249389648e+00
1.291015505790710449e+00
4.082065582275390625e+00
3.107912778854370117e+00
3.612586259841918945e+00
-2.090369224548339844e+00
4.652702331542968750e+00
3.015486001968383789e+00
-3.630549192428588867e+00
