-6.499043703079223633e-01
-1.558645367622375488e-01
1.636091232299804688e+00
1.156367659568786621e+00
4.282576084136962891e+00
-1.274696707725524902e+00
-2.415914684534072876e-01
-2.320106029510498047e+00
1.708240509033203125e+00
4.480133056640625000e+00
3.313863515853881836e+00
8.793250322341918945e-01
-4.582114696502685547e+00
-3.103078603744506836e+00
-9.411557912826538086e-01
1.101053118705749512e+00
-4.857459068298339844e+00
1.894048929214477539e+00
4.708456516265869141e+00
1.056512832641601562e+00
1.987074017524719238e+00
3.802790403366088867e+00
-1.875995635986328125e+00
3.477216720581054688e+00
2.202763319015502930e+00
-2.256848812103271484e+00
1.471965551376342773e+00
5.694898962974548340e-01
4.304990291595458984e+00
2.704538345336914062e+00
