3.126646995544433594e+00
-1.856121659278869629e+00
1.656418889760971069e-01
5.734661817550659180e-01
2.679620742797851562e+00
1.526187300682067871e+00
9.550580382347106934e-01
-4.614894390106201172e+00
-4.271668434143066406e+00
2.890995740890502930e+00
-2.334450006484985352e+00
3.282537460327148438e-01
-4.228886127471923828e+00
6.911870241165161133e-01
-4.726928710937500000e+00
-4.249227046966552734e+00
-2.103020191192626953e+00
3.469399452209472656e+00
2.986103057861328125e+00
2.564578056335449219e+00
-2.010860443115234375e+00
-4.003727912902832031e+00
3.080065965652465820e+00
4.882766723632812500e+00
7.870997786521911621e-01
-2.411986589431762695e+00
-3.582959890365600586e+00
2.248852014541625977e+00
3.243486166000366211e+00
3.178591728210449219e+00
