-2.375273227691650391e+00
-1.186098098754882812e+00
2.525832891464233398e+00
-1.231812357902526855e+00
-1.492464184761047363e+00
2.168121337890625000e+00
-1.432429075241088867e+00
3.633795499801635742e+00
-2.867072343826293945e+00
-1.510248184204101562e+00
4.550921440124511719e+00
6.146301627159118652e-01
4.900438785552978516e+00
4.770568847656250000e+00
4.327367305755615234e+00
3.697044551372528076e-01
-4.022756099700927734e+00
1.832681536674499512e+00
2.311257600784301758e+00
4.154360294342041016e+00
4.610691070556640625e+00
1.252077221870422363e+00
1.232813596725463867e+00
-4.441668033599853516e+00
4.971452429890632629e-02
-3.519630670547485352e+00
-7.523537874221801758e-01
4.610484123229980469e+00
3.237981319427490234e+00
-2.009850025177001953e+00
