8.688676357269287109e-01
3.505765199661254883e+00
2.462044715881347656e+00
-9.610443115234375000e-01
7.162566781044006348e-01
2.474022865295410156e+00
4.837198734283447266e+00
-2.993031978607177734e+00
-1.112360239028930664e+00
-1.308424830436706543e+00
-4.399203300476074219e+00
2.941474437713623047e+00
2.173305988311767578e+00
2.683787584304809570e+00
4.961728751659393311e-01
-1.762492895126342773e+00
-3.814610481262207031e+00
-3.771408796310424805e-01
-3.605181694030761719e+00
5.658416077494621277e-02
-1.737069249153137207e+00
-3.106425285339355469e+00
-2.690195083618164062e+00
-3.972581148147583008e+00
2.924841403961181641e+00
-3.825483322143554688e+00
4.000191092491149902e-01
4.895772457122802734e+00
9.774569272994995117e-01
3.436263799667358398e+00
