-3.696785211563110352e+00
-1.586764454841613770e+00
-3.893566370010375977e+00
1.726379632949829102e+00
-4.144916057586669922e+00
-3.876753568649291992e+00
-4.068837165832519531e+00
2.393549680709838867e+00
1.551935553550720215e+00
2.625413417816162109e+00
-1.074088335037231445e+00
-3.865091800689697266e+00
-4.736087322235107422e+00
-3.954889059066772461e+00
4.855388164520263672e+00
-1.800974845886230469e+00
-2.808641433715820312e+00
8.705788850784301758e-01
2.399101972579956055e+00
-9.628286957740783691e-01
3.734900474548339844e+00
-2.098461866378784180e+00
3.617399454116821289e+00
1.976663112640380859e+00
4.452532291412353516e+00
-1.186867430806159973e-01
-4.352192401885986328e+00
-7.769156098365783691e-01
-1.430021643638610840e+00
-1.434808850288391113e+00
