-2.628884911537170410e-01
-3.883277416229248047e+00
1.487325549125671387e+00
-2.006767988204956055e+00
-3.294550657272338867e+00
4.137779586017131805e-03
-3.730309963226318359e+00
4.467197418212890625e+00
1.252646327018737793e+00
1.784161806106567383e+00
2.133748531341552734e+00
-1.501505136489868164e+00
3.526492834091186523e+00
-3.333617210388183594e+00
-1.498738408088684082e+00
2.890412569046020508e+00
-1.124026298522949219e+00
8.061325550079345703e-01
4.846554756164550781e+00
2.053366184234619141e+00
-4.206137180328369141e+00
2.642503976821899414e+00
3.334966659545898438e+00
-1.910143375396728516e+00
-4.556151866912841797e+00
2.940207242965698242e+00
2.917089462280273438e+00
4.812933504581451416e-01
-2.128739118576049805e+00
-4.654386043548583984e+00
