-3.875790536403656006e-01
-4.949210166931152344e+00
1.294454932212829590e+00
-3.091106891632080078e+00
-4.113968849182128906e+00
-3.849873542785644531e+00
2.614444494247436523e+00
-8.962945342063903809e-01
-2.666945219039916992e+00
-4.215046882629394531e+00
1.695251584053039551e+00
-1.145104914903640747e-01
-4.464270591735839844e+00
-3.529603958129882812e+00
-3.429892063140869141e+00
1.663360238075256348e+00
4.827443122863769531e+00
2.424722909927368164e+00
1.207901239395141602e+00
-1.953117102384567261e-01
-2.861407041549682617e+00
-2.536286592483520508e+00
2.123819351196289062e+00
-1.279921054840087891e+00
4.120127677917480469e+00
1.742388904094696045e-01
-4.155821323394775391e+00
-3.342481851577758789e-01
7.277474403381347656e-01
8.278214931488037109e-01
