-3.484717130661010742e+00
1.069218993186950684e+00
1.569092512130737305e+00
-1.708264350891113281e-01
4.760219097137451172e+00
-2.067127227783203125e+00
4.838606357574462891e+00
-3.464685678482055664e-01
-3.845841407775878906e+00
-4.091604709625244141e+00
4.052351474761962891e+00
-3.556833982467651367e+00
4.884960949420928955e-01
-3.102912664413452148e+00
-1.247299551963806152e+00
-3.250802278518676758e+00
-4.631742537021636963e-01
3.251899480819702148e+00
-3.750119447708129883e+00
4.490798950195312500e+00
-4.163167953491210938e+00
2.833901643753051758e+00
3.755416631698608398e+00
-4.416737079620361328e+00
1.510021567344665527e+00
-4.671256542205810547e+00
-3.495741128921508789e+00
-2.445374801754951477e-02
-2.267737150192260742e+00
3.966438055038452148e+00
