4.676664352416992188e+00
3.877568617463111877e-02
6.922661662101745605e-01
1.340955793857574463e-01
1.489573955535888672e+00
1.403497159481048584e-01
3.557036399841308594e+00
-4.610387980937957764e-01
-2.026549816131591797e+00
1.817745119333267212e-01
-2.699871063232421875e+00
-1.971836686134338379e+00
-3.870355367660522461e+00
-3.128842115402221680e+00
-4.107490062713623047e+00
-3.526366472244262695e+00
3.680201768875122070e+00
-7.766729593276977539e-01
-4.793543338775634766e+00
2.202610969543457031e+00
-4.063127517700195312e+00
-4.267651557922363281e+00
-2.906573534011840820e+00
-2.760395288467407227e+00
3.699680328369140625e+00
-1.888317704200744629e+00
1.385580897331237793e+00
4.846684455871582031e+00
-2.912343263626098633e+00
-4.865266799926757812e+00
