-1.224948048591613770e+00
-1.012079596519470215e+00
3.545232057571411133e+00
3.704268038272857666e-01
-4.824688911437988281e+00
-1.847901344299316406e+00
2.710882902145385742e+00
-4.697355031967163086e-01
3.403558254241943359e+00
-2.736206769943237305e+00
-4.983343124389648438e+00
-3.045367479324340820e+00
-3.575367033481597900e-01
2.299206972122192383e+00
-2.122392177581787109e+00
-4.429689407348632812e+00
3.028025865554809570e+00
2.752678632736206055e+00
-3.003421545028686523e+00
-2.822594642639160156e+00
3.454836905002593994e-01
2.422155618667602539e+00
-4.625051498413085938e+00
4.482007503509521484e+00
-2.487496852874755859e+00
-2.247538328170776367e+00
-2.641477346420288086e+00
-6.588711738586425781e-01
3.414929628372192383e+00
1.036522507667541504e+00
