-2.086441755294799805e+00
-2.245661735534667969e+00
7.821123600006103516e-01
-2.965267896652221680e+00
2.257826328277587891e+00
1.539426922798156738e+00
9.818370938301086426e-01
-5.361620187759399414e-01
2.616836786270141602e+00
-9.928237199783325195e-01
-2.968389987945556641e+00
3.797570705413818359e+00
1.457585811614990234e+00
-1.863761425018310547e+00
-4.646336138248443604e-01
3.003776073455810547e-01
-3.794755458831787109e+00
3.212683916091918945e+00
-4.651700496673583984e+00
3.619004726409912109e+00
-3.217411041259765625e+00
9.244256019592285156e-01
-1.967084527015686035e+00
-1.243787169456481934e+00
2.017290592193603516e-01
-4.811031818389892578e+00
3.002479791641235352e+00
-1.926400899887084961e+00
-7.871317677199840546e-03
3.795975685119628906e+00
