4.102715492248535156e+00
1.655307888984680176e+00
-3.846461296081542969e+00
1.178561329841613770e+00
-4.106632709503173828e+00
-4.061995983123779297e+00
3.508869409561157227e+00
-4.553257942199707031e+00
1.737343907356262207e+00
-3.395582914352416992e+00
1.502669006586074829e-01
2.317264556884765625e+00
3.731196880340576172e+00
-3.669609546661376953e+00
-2.797809839248657227e-01
1.171933889389038086e+00
-4.651192188262939453e+00
-4.508029937744140625e+00
2.313415110111236572e-01
3.630056142807006836e+00
-1.471041560173034668e+00
-3.669932842254638672e+00
4.028534889221191406e+00
-3.030823707580566406e+00
9.228052496910095215e-01
3.967995643615722656e+00
1.187548756599426270e+00
-9.166379570960998535e-01
1.056170701980590820e+00
2.474044322967529297e+00
