-4.328948020935058594e+00
-6.101816892623901367e-01
1.940794467926025391e+00
4.385187625885009766e+00
3.346513509750366211e-01
6.970666050910949707e-01
-2.175270766019821167e-01
3.560214519500732422e+00
2.351782172918319702e-01
1.832217574119567871e+00
2.932658672332763672e+00
1.221055507659912109e+00
-2.492488622665405273e+00
1.995665192604064941e+00
3.756444692611694336e+00
-2.992272615432739258e+00
-4.614492893218994141e+00
4.752389907836914062e+00
-4.475894927978515625e+00
-2.573201417922973633e+00
-8.042555451393127441e-01
4.235956668853759766e+00
-3.894147157669067383e+00
-8.705078959465026855e-01
5.563658475875854492e-01
3.760377407073974609e+00
4.210377693176269531e+00
4.534503459930419922e+00
-3.847654104232788086e+00
9.097778797149658203e-01
