-1.977323055267333984e+00
3.209156990051269531e+00
-2.775890827178955078e+00
-4.013297080993652344e+00
4.261484622955322266e+00
-4.255578517913818359e+00
1.096015691757202148e+00
-4.976663112640380859e+00
4.847517490386962891e+00
3.413217067718505859e+00
1.862189620733261108e-01
4.412504196166992188e+00
2.398931741714477539e+00
-4.663672447204589844e-01
-3.094470262527465820e+00
9.621706008911132812e-01
-9.520314931869506836e-01
2.349681854248046875e+00
6.250233054161071777e-01
8.906131237745285034e-02
-2.517199218273162842e-01
-8.297170996665954590e-01
4.911991119384765625e+00
-4.484212875366210938e+00
-1.977347880601882935e-01
4.999638080596923828e+00
-1.737231492996215820e+00
-3.709204912185668945e+00
-3.530219197273254395e-01
1.607895255088806152e+00
