-4.901830196380615234e+00
-2.085841417312622070e+00
2.150287628173828125e+00
2.679373264312744141e+00
8.528158813714981079e-02
1.652244806289672852e+00
-2.767985105514526367e+00
3.083473682403564453e+00
-2.844760179519653320e+00
-3.182511329650878906e+00
1.989195585250854492e+00
4.286805629730224609e+00
-7.075912356376647949e-01
2.974687337875366211e+00
2.664517879486083984e+00
7.035827636718750000e-01
1.674420535564422607e-01
1.062203288078308105e+00
4.776306152343750000e-01
-1.586740493774414062e+00
1.714075684547424316e+00
-4.749807357788085938e+00
-2.734456300735473633e+00
2.180446386337280273e+00
4.559643745422363281e+00
9.584836363792419434e-01
-4.854926109313964844e+00
2.959227085113525391e+00
-2.987541913986206055e+00
1.897256731986999512e+00
