-3.853987455368041992e+00
-2.971965551376342773e+00
-1.304491758346557617e+00
-4.938112199306488037e-01
2.637483835220336914e+00
-7.563070654869079590e-01
-4.905955791473388672e+00
-2.356797933578491211e+00
-3.239093065261840820e+00
-2.750128507614135742e+00
-1.713680148124694824e+00
1.154271602630615234e+00
-9.347792863845825195e-01
-1.098141908645629883e+00
-2.089278936386108398e+00
-1.687135815620422363e+00
1.524994611740112305e+00
9.021548032760620117e-01
-9.274138808250427246e-01
-1.057431936264038086e+00
2.349148273468017578e+00
-8.125822544097900391e-01
4.804712295532226562e+00
-1.072621703147888184e+00
-7.196264863014221191e-01
1.472467780113220215e-01
-4.245081424713134766e+00
4.678239345550537109e+00
-2.526576757431030273e+00
-2.246937513351440430e+00
