-4.251751899719238281e+00
-3.161184310913085938e+00
-3.000220060348510742e+00
1.549858927726745605e+00
4.336934983730316162e-01
2.584886550903320312e+00
-6.737347692251205444e-02
2.203216552734375000e+00
-1.091768741607666016e+00
2.543455839157104492e+00
-3.693103551864624023e+00
-2.498254060745239258e+00
-7.546010017395019531e-01
3.223143577575683594e+00
3.316262245178222656e+00
-1.079232215881347656e+00
3.356456041336059570e+00
1.644823312759399414e+00
-4.888404369354248047e+00
-1.061782360076904297e+00
4.539939880371093750e+00
-1.008391857147216797e+00
-1.714267969131469727e+00
1.616899609565734863e+00
-4.193007469177246094e+00
2.571154594421386719e+00
-1.927813291549682617e+00
-3.577432036399841309e-01
-7.685582637786865234e-01
-2.288258552551269531e+00
