-2.225586175918579102e+00
4.754588127136230469e+00
-8.056461215019226074e-01
2.343692302703857422e+00
3.597743034362792969e+00
4.228148937225341797e+00
3.457978963851928711e+00
-3.259308815002441406e+00
4.972290039062500000e+00
-8.249365687370300293e-01
-2.133782863616943359e+00
6.950863003730773926e-01
1.075438499450683594e+00
-2.426416397094726562e+00
3.374229907989501953e+00
1.024290919303894043e+00
2.289149522781372070e+00
-1.599907398223876953e+00
3.426297664642333984e+00
-3.274674177169799805e+00
1.771139204502105713e-01
-3.714959144592285156e+00
2.788620710372924805e+00
-5.303812026977539062e-01
1.992328643798828125e+00
4.622872352600097656e+00
-6.315590143203735352e-01
-9.673713445663452148e-01
4.400614261627197266e+00
4.029319763183593750e+00
