2.663160562515258789e+00
3.865432024002075195e+00
3.244737908244132996e-02
1.549966931343078613e+00
-3.583582162857055664e+00
2.057163000106811523e+00
4.748077988624572754e-01
3.796180725097656250e+00
4.621605873107910156e+00
1.211152315139770508e+00
4.286626815795898438e+00
2.582457065582275391e+00
-2.748408079147338867e+00
-1.871525764465332031e+00
-1.893876552581787109e+00
4.066524028778076172e+00
3.724876642227172852e+00
1.771796226501464844e+00
-2.214126825332641602e+00
2.807600021362304688e+00
-4.097579956054687500e+00
-4.545366466045379639e-01
1.606946945190429688e+00
3.854694366455078125e+00
-3.966867446899414062e+00
1.922364473342895508e+00
-2.572734117507934570e+00
-4.404311180114746094e+00
2.818624258041381836e+00
3.327843427658081055e+00
