-3.619191169738769531e+00
-4.211808204650878906e+00
-3.529375076293945312e+00
-3.805570840835571289e+00
4.291857719421386719e+00
3.466962099075317383e+00
3.680770874023437500e+00
-3.478444099426269531e+00
-3.548806905746459961e+00
3.368739604949951172e+00
-4.943230748176574707e-01
4.859146595001220703e+00
3.445378303527832031e+00
2.272281169891357422e+00
-3.962104320526123047e+00
3.475402593612670898e+00
-3.842984914779663086e+00
2.296984672546386719e+00
-7.339674234390258789e-01
4.619442939758300781e+00
-3.672152280807495117e+00
-4.401939392089843750e+00
-2.425577402114868164e+00
-1.372339963912963867e+00
-8.665868639945983887e-01
-3.872914791107177734e+00
4.412467956542968750e+00
3.309355080127716064e-01
-1.902415871620178223e+00
3.500636816024780273e+00
