2.366499900817871094e+00
-1.663182258605957031e+00
-7.849118113517761230e-01
-2.072573661804199219e+00
3.421301126480102539e+00
3.373915910720825195e+00
-4.500618457794189453e+00
1.476035118103027344e+00
-4.441645145416259766e+00
4.193070888519287109e+00
4.291334152221679688e+00
-2.179423332214355469e+00
4.656119346618652344e+00
-3.571058511734008789e+00
3.554122924804687500e+00
-7.959138751029968262e-01
3.516342401504516602e+00
-1.759594678878784180e+00
3.122527837753295898e+00
7.281062602996826172e-01
6.509121656417846680e-01
-3.980308532714843750e+00
-8.495092988014221191e-01
1.316736578941345215e+00
-1.488998293876647949e+00
-2.982270240783691406e+00
-3.060225248336791992e+00
-3.463373184204101562e+00
-3.216002702713012695e+00
1.031516313552856445e+00
