2.101934254169464111e-01
-2.797276735305786133e+00
-2.328007698059082031e+00
5.222629904747009277e-01
-1.584826111793518066e+00
-1.979324579238891602e+00
1.158833384513854980e+00
-2.526792526245117188e+00
2.422789573669433594e+00
-1.612932801246643066e+00
-4.792454242706298828e+00
-1.821671724319458008e-01
4.284090042114257812e+00
2.043620586395263672e+00
-2.339693546295166016e+00
4.481514453887939453e+00
1.620311498641967773e+00
9.214493632316589355e-01
4.354071617126464844e+00
-2.892268002033233643e-01
-1.554880142211914062e+00
-4.605042457580566406e+00
2.144025802612304688e+00
2.595729589462280273e+00
5.064975619316101074e-01
-2.968124151229858398e+00
3.605103015899658203e+00
1.735673546791076660e+00
4.045378208160400391e+00
-4.546742439270019531e+00
