-4.464608669281005859e+00
-2.788262605667114258e+00
6.138754487037658691e-01
9.632946252822875977e-01
-1.549421072006225586e+00
3.104227304458618164e+00
4.688430726528167725e-01
-3.437346696853637695e+00
-1.290095448493957520e+00
3.255931854248046875e+00
1.453790664672851562e+00
4.059217929840087891e+00
-1.277276575565338135e-01
-1.063997387886047363e+00
1.669281363487243652e+00
2.400719881057739258e+00
3.459603548049926758e+00
1.798653602600097656e+00
4.386426448822021484e+00
9.746040701866149902e-01
4.863837718963623047e+00
4.087740421295166016e+00
1.442559242248535156e+00
4.940035343170166016e+00
2.253719329833984375e+00
3.660109996795654297e+00
4.484699726104736328e+00
-1.738124608993530273e+00
2.772151470184326172e+00
-1.632462590932846069e-01
