-3.120604991912841797e+00
2.567664146423339844e+00
2.648385286331176758e+00
-4.293816089630126953e-01
-3.114720821380615234e+00
4.797398090362548828e+00
2.414388656616210938e-01
5.461402535438537598e-01
1.226983428001403809e+00
7.444336414337158203e-01
4.226002693176269531e+00
-4.154706001281738281e+00
-2.418391704559326172e-01
3.956640481948852539e+00
1.462372899055480957e+00
1.996211290359497070e+00
-1.402299761772155762e+00
3.819766759872436523e+00
-2.187511682510375977e+00
-2.723077058792114258e+00
-3.660581111907958984e+00
-1.017501950263977051e+00
4.132254123687744141e+00
1.163274407386779785e+00
-7.405226826667785645e-01
6.235173940658569336e-01
-1.062195181846618652e+00
3.906499862670898438e+00
3.061842620372772217e-01
-2.666866779327392578e+00
