-5.800494551658630371e-01
-1.339513212442398071e-01
-3.118287801742553711e+00
2.651162862777709961e+00
1.229096651077270508e+00
2.849945545196533203e+00
3.721905708312988281e+00
4.873781204223632812e+00
-2.810361683368682861e-01
-1.153648495674133301e+00
-8.283885717391967773e-01
-1.080425262451171875e+00
3.988087892532348633e+00
1.525578737258911133e+00
-2.502845287322998047e+00
-3.373161256313323975e-01
1.948467016220092773e+00
3.538118362426757812e+00
1.092978119850158691e+00
-1.042650341987609863e+00
-2.313921928405761719e+00
-3.842415571212768555e+00
2.165877580642700195e+00
-1.812046766281127930e-01
3.251020193099975586e+00
3.664646148681640625e+00
-4.627855300903320312e+00
-2.348419904708862305e+00
-9.370267987251281738e-01
8.420333862304687500e-01
