4.841104984283447266e+00
4.218884944915771484e+00
1.340884447097778320e+00
-2.947849988937377930e+00
4.165995121002197266e+00
4.489448070526123047e-01
-1.173671364784240723e+00
-1.116232126951217651e-01
-3.503334999084472656e+00
1.940456390380859375e+00
-3.581007003784179688e+00
4.894424438476562500e+00
-2.987094402313232422e+00
2.045165300369262695e+00
4.889006316661834717e-01
-3.262525558471679688e+00
-3.246149063110351562e+00
4.244413375854492188e+00
-2.515795707702636719e+00
-1.660467982292175293e+00
-4.408668041229248047e+00
4.682479381561279297e+00
-9.059494137763977051e-01
-3.496646165847778320e+00
1.359110951423645020e+00
-1.491692662239074707e+00
2.459452390670776367e+00
3.020430207252502441e-01
2.568925619125366211e+00
3.323188066482543945e+00
