1.697652578353881836e+00
2.643415689468383789e+00
-4.823868751525878906e+00
-4.204611301422119141e+00
-2.548025846481323242e+00
3.019058942794799805e+00
-1.419485360383987427e-01
3.947762489318847656e+00
-9.879384636878967285e-01
-4.453633785247802734e+00
4.601207256317138672e+00
2.082117795944213867e+00
2.275551319122314453e+00
-6.838247179985046387e-01
1.437461495399475098e+00
4.238827705383300781e+00
-1.783347964286804199e+00
1.722715497016906738e+00
1.260488629341125488e+00
8.637075424194335938e-01
-1.465027183294296265e-01
1.536141276359558105e+00
9.746315479278564453e-01
2.903170585632324219e+00
-1.020109057426452637e+00
-3.560920953750610352e+00
-4.004988670349121094e+00
2.815526247024536133e+00
1.226300001144409180e+00
3.832905292510986328e+00
