-1.418981790542602539e+00
-4.416820049285888672e+00
4.578340053558349609e+00
-1.037442803382873535e+00
1.617669582366943359e+00
4.611248970031738281e+00
1.260337114334106445e+00
-3.605195283889770508e+00
2.143519163131713867e+00
-1.010424256324768066e+00
-9.570231437683105469e-01
-4.964114189147949219e+00
4.477303028106689453e+00
-4.838050365447998047e+00
4.370794773101806641e+00
-2.350727796554565430e+00
-3.267509937286376953e+00
2.738628387451171875e+00
-8.602709174156188965e-01
-2.451758384704589844e+00
3.447248458862304688e+00
-4.853096961975097656e+00
2.715538978576660156e+00
-3.607356548309326172e+00
-3.484887838363647461e+00
4.173750877380371094e+00
4.965630531311035156e+00
1.739880323410034180e+00
9.628892540931701660e-01
5.641764402389526367e-01
