4.970518112182617188e+00
-2.733387947082519531e+00
5.775665044784545898e-01
3.997319698333740234e+00
4.556529998779296875e+00
2.743406772613525391e+00
-4.130321502685546875e+00
3.606105804443359375e+00
1.964741826057434082e+00
-4.797768592834472656e+00
2.224330186843872070e+00
2.722095727920532227e+00
-3.649993896484375000e+00
2.413662910461425781e+00
4.896007537841796875e+00
-3.182431221008300781e+00
-1.344083786010742188e+00
3.359887897968292236e-01
-3.192337512969970703e+00
-2.942074060440063477e+00
-1.753962278366088867e+00
-4.995614051818847656e+00
-2.515252113342285156e+00
1.861664772033691406e+00
-7.145313024520874023e-01
1.527685821056365967e-01
-4.207024574279785156e+00
4.328385591506958008e-01
1.392679214477539062e-01
-3.252890825271606445e+00
