3.725869417190551758e+00
-5.656270384788513184e-01
2.448604255914688110e-02
4.721107482910156250e+00
-4.252431869506835938e+00
8.186050057411193848e-01
-1.824191451072692871e+00
3.438437879085540771e-01
-1.953158974647521973e+00
2.939317941665649414e+00
-4.262961387634277344e+00
3.006783246994018555e+00
-1.817524909973144531e+00
1.674181818962097168e-01
-1.145634889602661133e+00
9.246371984481811523e-01
-3.946999907493591309e-01
-3.361883878707885742e+00
4.762713909149169922e+00
-2.102627277374267578e+00
8.882020711898803711e-01
3.212079286575317383e+00
3.884496450424194336e+00
3.582651317119598389e-01
1.994270443916320801e+00
-3.885690689086914062e+00
-2.399377375841140747e-01
-3.818775177001953125e+00
2.086842536926269531e+00
-3.716411590576171875e+00
