-1.294688582420349121e-01
8.750551342964172363e-01
-2.392146348953247070e+00
-3.907246828079223633e+00
-4.456249237060546875e+00
-4.125097274780273438e+00
3.273899555206298828e+00
2.510811090469360352e+00
-3.928630113601684570e+00
3.176233530044555664e+00
6.016594767570495605e-01
4.116071701049804688e+00
4.396566390991210938e+00
1.948663234710693359e+00
1.848944067955017090e+00
-2.064745426177978516e-01
1.081214547157287598e+00
3.393393158912658691e-01
-2.745469570159912109e+00
-4.217848300933837891e+00
-2.712226867675781250e+00
-2.375560760498046875e+00
-1.807010412216186523e+00
-3.078290462493896484e+00
-1.276736259460449219e+00
6.781722307205200195e-01
2.205853462219238281e+00
3.472400665283203125e+00
-1.206731796264648438e-01
-3.635322332382202148e+00
