1.309159517288208008e+00
2.082157731056213379e-01
-1.378885507583618164e+00
2.145590782165527344e+00
4.787223339080810547e+00
-4.506488323211669922e+00
-4.948155879974365234e+00
-3.771453380584716797e+00
2.470918178558349609e+00
1.593156158924102783e-01
3.912426710128784180e+00
-6.360017657279968262e-01
2.756461381912231445e+00
-1.665150880813598633e+00
-4.997333526611328125e+00
-4.243542850017547607e-01
-4.417437076568603516e+00
-3.307173013687133789e+00
-4.492733001708984375e+00
-7.736735939979553223e-01
3.847006559371948242e+00
-1.590693593025207520e+00
2.781867504119873047e+00
-1.295984745025634766e+00
2.131977796554565430e+00
9.962117075920104980e-01
7.080850005149841309e-01
1.354610800743103027e+00
-2.748281478881835938e+00
1.316516041755676270e+00
