-3.626802265644073486e-01
-1.236025318503379822e-01
-4.429208755493164062e+00
-1.025520324707031250e+00
-4.197859764099121094e+00
-1.483564227819442749e-01
2.569528102874755859e+00
3.496058940887451172e+00
1.253337144851684570e+00
-9.692096710205078125e-02
-2.037730216979980469e+00
4.118502140045166016e+00
-4.636875629425048828e+00
-4.083406925201416016e+00
2.650724649429321289e+00
-2.419330358505249023e+00
1.668483972549438477e+00
4.426564693450927734e+00
-4.858803272247314453e+00
-4.610356807708740234e+00
-5.751839876174926758e-01
-2.160824686288833618e-01
2.294949769973754883e+00
9.940562248229980469e-01
2.303994655609130859e+00
-3.852041482925415039e+00
2.745552539825439453e+00
3.646814584732055664e+00
1.493568062782287598e+00
1.863931417465209961e+00
