4.541073143482208252e-01
4.293610572814941406e+00
3.407000601291656494e-01
3.354986906051635742e+00
-1.005445957183837891e+00
2.990815162658691406e+00
-2.285237789154052734e+00
3.851226091384887695e+00
-3.028715133666992188e+00
3.931111574172973633e+00
2.548645257949829102e+00
3.104983806610107422e+00
3.700763225555419922e+00
4.955538272857666016e+00
-1.787942528724670410e+00
-2.336019754409790039e+00
4.109978199005126953e+00
1.061758875846862793e+00
1.472779273986816406e+00
3.888156414031982422e+00
4.585916042327880859e+00
-4.460672855377197266e+00
-1.327399134635925293e+00
-3.514491558074951172e+00
7.591344118118286133e-01
2.742125034332275391e+00
2.865036010742187500e+00
1.901205182075500488e+00
-1.063799142837524414e+00
-2.569288253784179688e+00
