4.605444908142089844e+00
-4.157771110534667969e+00
3.587477445602416992e+00
7.945617437362670898e-01
3.506742954254150391e+00
4.583902359008789062e+00
-4.220122814178466797e+00
1.971567749977111816e+00
-4.507309436798095703e+00
-2.488099813461303711e+00
1.887379169464111328e+00
4.158823490142822266e+00
1.392591476440429688e+00
-2.087090253829956055e+00
-4.289527416229248047e+00
4.103034019470214844e+00
-1.767365217208862305e+00
3.058840274810791016e+00
-2.268162250518798828e+00
-3.165072917938232422e+00
3.210119009017944336e+00
3.451325416564941406e+00
-2.340410709381103516e+00
-3.373720645904541016e+00
4.920572757720947266e+00
4.005699634552001953e+00
2.400283813476562500e+00
-4.507227897644042969e+00
-1.056182742118835449e+00
-3.862032890319824219e+00
