3.032687187194824219e+00
3.656022071838378906e+00
1.789609313011169434e+00
2.858126640319824219e+00
-9.237554669380187988e-01
4.102115154266357422e+00
8.766089081764221191e-01
-3.298765182495117188e+00
-1.898771643638610840e+00
-3.570993185043334961e+00
1.885263562202453613e+00
3.430489301681518555e+00
4.963109970092773438e+00
2.015926092863082886e-01
4.435993671417236328e+00
4.693140983581542969e+00
4.885710775852203369e-01
3.819354057312011719e+00
6.516482234001159668e-01
4.322644233703613281e+00
3.155122995376586914e+00
2.830116987228393555e+00
5.711724162101745605e-01
8.237057924270629883e-01
1.611949682235717773e+00
1.155009388923645020e+00
4.748699665069580078e+00
3.249482870101928711e+00
8.257074356079101562e-01
7.530524134635925293e-01
