-2.103808522224426270e-01
-1.699594616889953613e+00
4.165972232818603516e+00
-4.908816814422607422e+00
4.731526374816894531e+00
3.248769998550415039e+00
-3.095310211181640625e+00
4.526795387268066406e+00
4.262821674346923828e+00
-4.661649703979492188e+00
3.609535455703735352e+00
-2.502996921539306641e+00
3.496006011962890625e+00
-1.551411509513854980e+00
-4.275356292724609375e+00
5.666816830635070801e-01
3.557627439498901367e+00
-2.918504714965820312e+00
2.887937307357788086e+00
-1.396667003631591797e+00
-4.564719200134277344e+00
6.009001135826110840e-01
-6.276823878288269043e-01
1.065416574478149414e+00
7.643840909004211426e-01
-3.341140747070312500e+00
4.219458580017089844e+00
-4.529846191406250000e+00
-3.979395151138305664e+00
-7.243127822875976562e-01
