-1.098933696746826172e+00
-2.191063761711120605e-01
2.327418088912963867e+00
2.877543449401855469e+00
5.939279124140739441e-02
2.526907920837402344e+00
-3.437232255935668945e+00
-5.566071867942810059e-01
2.245178937911987305e+00
4.890932083129882812e+00
6.733680367469787598e-01
2.365342855453491211e+00
-9.600054621696472168e-01
3.093636274337768555e+00
-1.011876240372657776e-01
-3.655833601951599121e-01
4.742504596710205078e+00
4.933199405670166016e+00
1.659810662269592285e+00
-2.170770168304443359e+00
9.879881143569946289e-01
-3.733287811279296875e+00
5.258074402809143066e-01
-2.004941225051879883e+00
-3.763533115386962891e+00
4.808635711669921875e+00
2.462496310472488403e-01
2.677561521530151367e+00
4.132030487060546875e+00
-7.771646380424499512e-01
