1.087219357490539551e+00
1.222217321395874023e+00
2.801378965377807617e+00
3.139183044433593750e+00
4.053604900836944580e-01
3.251108169555664062e+00
2.293604373931884766e+00
-1.731709361076354980e+00
3.510596990585327148e+00
-8.531053662300109863e-01
-2.389205694198608398e+00
2.140679836273193359e+00
3.471089839935302734e+00
-1.492667198181152344e+00
4.293683767318725586e-01
-2.860312700271606445e+00
3.283973932266235352e+00
1.015467286109924316e+00
-3.207855939865112305e+00
4.812123298645019531e+00
-1.941633224487304688e+00
1.248584747314453125e+00
4.292695999145507812e+00
-5.613132715225219727e-01
-4.706408977508544922e+00
-1.398586153984069824e+00
4.144742012023925781e+00
4.686090469360351562e+00
-1.764445185661315918e+00
4.911902427673339844e+00
