4.117107391357421875e+00
-4.315728187561035156e+00
3.152005434036254883e+00
-1.817189455032348633e+00
2.625716924667358398e-01
2.159430027008056641e+00
-2.173459529876708984e+00
-3.123532533645629883e+00
2.177140951156616211e+00
-2.771859645843505859e+00
-3.114990472793579102e+00
2.958240270614624023e+00
-3.764659643173217773e+00
-3.627904176712036133e+00
-3.261622190475463867e+00
-5.354658365249633789e-01
4.435010433197021484e+00
1.455798149108886719e-01
1.798929572105407715e-01
3.313645362854003906e+00
1.504075676202774048e-01
1.422927618026733398e+00
4.809505939483642578e+00
-4.659101963043212891e+00
2.020956516265869141e+00
3.616009473800659180e+00
4.027170658111572266e+00
3.062863588333129883e+00
-2.274621725082397461e+00
-1.871441364288330078e+00
