-4.231309890747070312e+00
2.647725105285644531e+00
3.445586204528808594e+00
-6.739225387573242188e-01
-2.386883199214935303e-01
3.692794144153594971e-01
-6.286854743957519531e-01
-1.749724030494689941e+00
-2.851183414459228516e+00
-3.013839483261108398e+00
1.578413009643554688e+00
2.135464429855346680e+00
1.477657437324523926e+00
1.477189540863037109e+00
2.616566181182861328e+00
3.203001737594604492e+00
4.173592925071716309e-01
4.972128868103027344e+00
2.992886304855346680e+00
3.605327606201171875e+00
-2.556299448013305664e+00
-2.318636178970336914e+00
-3.092781782150268555e+00
3.119959592819213867e+00
2.998680353164672852e+00
-1.223805785179138184e+00
2.970230102539062500e+00
-4.828098297119140625e+00
-1.060783863067626953e+00
4.702855110168457031e+00
