1.522114157676696777e+00
-4.117069721221923828e+00
5.524245277047157288e-02
3.389648199081420898e+00
1.413115262985229492e+00
-4.928096294403076172e+00
4.372511863708496094e+00
-3.205293178558349609e+00
3.212618112564086914e+00
2.905888080596923828e+00
2.096550226211547852e+00
-3.352115631103515625e+00
2.047518014907836914e+00
-2.479900568723678589e-01
-2.469346761703491211e+00
-4.395536422729492188e+00
-2.312017202377319336e+00
3.599501609802246094e+00
3.594146013259887695e+00
-3.861476480960845947e-01
-2.485752254724502563e-01
3.088247537612915039e+00
4.367146968841552734e+00
4.742837905883789062e+00
3.891901254653930664e+00
-2.426551818847656250e+00
2.080126523971557617e+00
-4.270731449127197266e+00
-3.168444395065307617e+00
4.959543049335479736e-01
