-3.026036739349365234e+00
-2.740172624588012695e+00
-3.626019477844238281e+00
-4.218435287475585938e+00
1.419331550598144531e+00
-9.028680920600891113e-01
2.051410198211669922e+00
-8.769276142120361328e-01
-1.630031347274780273e+00
-2.983859300613403320e+00
-4.979692935943603516e+00
-4.111527502536773682e-01
-3.969486951828002930e+00
2.582780838012695312e+00
1.882175803184509277e+00
-1.854672431945800781e+00
2.975608348846435547e+00
-4.906270503997802734e-01
2.792116403579711914e+00
4.337996959686279297e+00
4.381758689880371094e+00
1.066704392433166504e+00
3.862388849258422852e+00
4.271206855773925781e+00
2.208361625671386719e+00
9.327011108398437500e-01
3.664521694183349609e+00
2.572153091430664062e+00
4.602798461914062500e+00
-8.414928615093231201e-02
