3.203676462173461914e+00
5.860337615013122559e-01
-6.080771237611770630e-02
-3.568607330322265625e+00
3.419855117797851562e+00
-3.862135410308837891e+00
1.512438297271728516e+00
-3.764412403106689453e+00
4.668395042419433594e+00
-4.542712211608886719e+00
2.302696466445922852e+00
-1.025891184806823730e+00
4.327912807464599609e+00
2.173179239034652710e-01
-1.617259860038757324e+00
-2.515814781188964844e+00
-2.617596149444580078e+00
-2.212054967880249023e+00
4.666925430297851562e+00
-4.699054241180419922e+00
1.992453932762145996e+00
-9.428846836090087891e-01
1.864835500717163086e+00
-4.421359539031982422e+00
3.442199707031250000e+00
-9.621682763099670410e-01
-1.279616713523864746e+00
-3.812679767608642578e+00
6.437130272388458252e-02
2.577143907546997070e+00
