1.818902134895324707e+00
-2.083940267562866211e+00
-3.817624807357788086e+00
3.088920831680297852e+00
-4.293774962425231934e-01
-2.579372167587280273e+00
-1.562317609786987305e+00
1.399301409721374512e+00
3.108192205429077148e+00
-4.770305633544921875e+00
-4.690819740295410156e+00
-1.472871065139770508e+00
2.253361701965332031e+00
4.555274963378906250e+00
8.389426469802856445e-01
3.893202543258666992e+00
3.873015165328979492e+00
-2.496503114700317383e+00
-4.178596496582031250e+00
-9.696739912033081055e-01
4.923899650573730469e+00
-3.329158544540405273e+00
-3.489765882492065430e+00
1.161487698554992676e+00
-2.668433427810668945e+00
-1.877110004425048828e+00
1.096478223800659180e+00
4.842474937438964844e+00
2.796751976013183594e+00
1.518359065055847168e+00
