3.419705867767333984e+00
-2.744146823883056641e+00
3.554701805114746094e+00
-4.252515792846679688e+00
2.760690212249755859e+00
-3.476386070251464844e+00
4.111991822719573975e-01
-8.708670139312744141e-01
-3.508056640625000000e+00
-3.905586481094360352e+00
3.495550632476806641e+00
4.824276864528656006e-01
-4.980829238891601562e+00
2.711087465286254883e+00
-3.959764003753662109e+00
-2.715831756591796875e+00
-2.290248632431030273e+00
1.323197841644287109e+00
-2.068358421325683594e+00
2.663805484771728516e+00
1.856209397315979004e+00
4.867179870605468750e+00
-5.618975311517715454e-02
9.162455797195434570e-01
-5.224850773811340332e-01
-1.463308095932006836e+00
4.226940155029296875e+00
1.919415593147277832e+00
-4.857113361358642578e+00
1.431474834680557251e-01
