2.874309539794921875e+00
1.360170006752014160e+00
3.472714900970458984e+00
-3.465218305587768555e+00
-4.980119228363037109e+00
3.195618152618408203e+00
-1.880584597587585449e+00
-2.913043975830078125e+00
-4.913257122039794922e+00
-1.967387497425079346e-01
-3.092566490173339844e+00
3.027778863906860352e+00
3.502316474914550781e+00
-1.033872812986373901e-01
2.792147159576416016e+00
-8.386000990867614746e-01
1.221540451049804688e+00
2.049838006496429443e-01
-4.621405601501464844e+00
3.585475206375122070e+00
-4.687620162963867188e+00
-2.677059412002563477e+00
3.145062923431396484e+00
-1.811811685562133789e+00
5.358012914657592773e-01
3.266960620880126953e+00
2.240014553070068359e+00
-3.740799188613891602e+00
5.042085647583007812e-01
4.220432281494140625e+00
