3.908911228179931641e+00
-1.053464770317077637e+00
-4.341657638549804688e+00
4.569591522216796875e+00
4.935237169265747070e-01
-3.957470655441284180e+00
1.387690305709838867e+00
-2.310943126678466797e+00
-4.502722263336181641e+00
4.586295604705810547e+00
6.481823921203613281e-01
1.106040701270103455e-01
-1.943727493286132812e+00
2.562922000885009766e+00
2.167062997817993164e+00
-4.696128845214843750e+00
-3.728686332702636719e+00
2.368555307388305664e+00
4.839161872863769531e+00
9.459925293922424316e-01
2.321754455566406250e+00
-1.381570935249328613e+00
2.337957382202148438e+00
1.666108250617980957e+00
2.752043008804321289e+00
4.027541160583496094e+00
-1.423564195632934570e+00
1.159916996955871582e+00
4.245646476745605469e+00
-3.825897693634033203e+00
