-3.754639863967895508e+00
-1.091730833053588867e+00
-4.961083412170410156e+00
-2.883233726024627686e-01
-4.250232696533203125e+00
-2.513457298278808594e+00
4.810828208923339844e+00
-4.845676124095916748e-01
-3.406154632568359375e+00
-1.137854695320129395e+00
4.547340869903564453e+00
2.955263853073120117e+00
2.651262521743774414e+00
-5.925672054290771484e-01
2.510090112686157227e+00
2.003260374069213867e+00
-4.611537933349609375e+00
-4.066387653350830078e+00
3.185823678970336914e+00
4.447549819946289062e+00
-4.037275314331054688e+00
-7.106327414512634277e-01
-8.277333378791809082e-01
-2.842329740524291992e+00
3.576465547084808350e-01
-1.169448018074035645e+00
2.482147932052612305e+00
-3.568048715591430664e+00
3.721357345581054688e+00
-1.516160607337951660e+00
