-4.482811391353607178e-01
2.896592378616333008e+00
-2.213661670684814453e+00
2.437267065048217773e+00
1.947684288024902344e+00
1.507416844367980957e+00
-2.018740773200988770e-01
4.806777536869049072e-01
2.044415712356567383e+00
3.432931184768676758e+00
4.216062068939208984e+00
-1.734019875526428223e+00
-4.997475624084472656e+00
-2.003093957901000977e+00
-3.007250070571899414e+00
4.376650333404541016e+00
3.801442384719848633e-01
1.523200869560241699e+00
-3.304410219192504883e+00
-3.419193506240844727e+00
-1.265122294425964355e+00
-3.553546190261840820e+00
-1.609380692243576050e-01
-4.066170215606689453e+00
-4.181793212890625000e+00
-2.718201875686645508e+00
-4.191145896911621094e+00
-3.379395484924316406e+00
-3.674176216125488281e+00
2.562041997909545898e+00
