2.844217538833618164e+00
4.016542434692382812e+00
-4.243607997894287109e+00
1.648491859436035156e+00
-3.582369089126586914e+00
-3.170337915420532227e+00
1.392001748085021973e+00
4.226584911346435547e+00
-2.559983968734741211e+00
-3.075231075286865234e+00
4.331691265106201172e+00
1.025402903556823730e+00
1.467483878135681152e+00
-7.026371955871582031e-01
1.699671983718872070e+00
-2.503890275955200195e+00
1.380011916160583496e+00
-2.809288740158081055e+00
-6.884159445762634277e-01
2.875840663909912109e-01
9.476810693740844727e-01
-2.799182176589965820e+00
-1.667199134826660156e+00
-3.655468821525573730e-01
1.470685362815856934e+00
4.637727260589599609e+00
4.110795497894287109e+00
-2.551125049591064453e+00
-2.941292285919189453e+00
-2.041106462478637695e+00
