3.802643775939941406e+00
-2.487662315368652344e+00
2.314147710800170898e+00
-1.929600119590759277e+00
-2.053872585296630859e+00
4.841919898986816406e+00
-1.455876827239990234e-01
-1.600620150566101074e-01
3.623247385025024414e+00
4.801629543304443359e+00
3.540004253387451172e+00
4.215639591217041016e+00
-2.909769535064697266e+00
1.066323637962341309e+00
1.419420003890991211e+00
-3.921399593353271484e+00
1.569687008857727051e+00
-4.331778049468994141e+00
-4.754339218139648438e+00
4.770153522491455078e+00
4.588784217834472656e+00
3.488113164901733398e+00
1.667892694473266602e+00
-1.734223604202270508e+00
-4.440523624420166016e+00
2.157626152038574219e+00
-1.097949504852294922e+00
-1.748284816741943359e+00
-3.742494821548461914e+00
3.623286008834838867e+00
