-2.977379798889160156e+00
-8.220185041427612305e-01
3.476251602172851562e+00
-2.177745819091796875e+00
3.932181596755981445e+00
8.371480107307434082e-01
-2.538893938064575195e+00
-4.698486328125000000e+00
1.073884844779968262e+00
-1.627784729003906250e+00
4.163420200347900391e+00
3.364421844482421875e+00
2.875997781753540039e+00
2.635981559753417969e+00
4.829676151275634766e+00
1.747404336929321289e+00
3.286580801010131836e+00
-3.970561265945434570e+00
2.987097501754760742e+00
-2.041606187820434570e+00
8.755593895912170410e-01
-9.261072874069213867e-01
7.497484087944030762e-01
-1.680181622505187988e+00
3.360465526580810547e+00
8.513619899749755859e-01
-2.398249387741088867e+00
4.235073089599609375e+00
2.143270969390869141e+00
4.008783340454101562e+00
