2.119837999343872070e+00
3.488330364227294922e+00
-2.714374065399169922e+00
-3.555269956588745117e+00
2.488489866256713867e+00
-3.511117696762084961e+00
-3.686051368713378906e+00
4.456473290920257568e-01
-4.157279968261718750e+00
-1.218654513359069824e+00
-4.624985218048095703e+00
-3.273188591003417969e+00
4.970098018646240234e+00
1.160571098327636719e+00
-4.372887134552001953e+00
-3.484791040420532227e+00
-3.764456510543823242e+00
3.443043470382690430e+00
4.035919666290283203e+00
-5.157439112663269043e-01
2.907508611679077148e+00
-3.665626525878906250e+00
3.425879001617431641e+00
-2.729895830154418945e+00
-4.276487827301025391e+00
2.425745725631713867e+00
1.235274076461791992e+00
3.064655303955078125e+00
-1.971046209335327148e+00
-1.890802383422851562e+00
