-3.472356557846069336e+00
9.485350847244262695e-01
3.973026275634765625e+00
3.747837305068969727e+00
-1.868681311607360840e-01
1.923232793807983398e+00
-1.951958894729614258e+00
4.022822380065917969e+00
-2.994595289230346680e+00
-3.978090047836303711e+00
-9.872069954872131348e-01
4.880755424499511719e+00
2.121991395950317383e+00
-7.222272157669067383e-01
-1.028069376945495605e+00
4.423091411590576172e+00
3.393695592880249023e+00
-4.081015586853027344e+00
-4.010010242462158203e+00
-4.111410975456237793e-01
1.594916939735412598e+00
4.045255780220031738e-01
-2.094899654388427734e+00
4.614859580993652344e+00
1.404698640108108521e-01
-1.132816314697265625e+00
2.478612661361694336e+00
-1.539649963378906250e+00
-2.282935380935668945e+00
-1.572452545166015625e+00
