2.553406953811645508e+00
3.629655361175537109e+00
-1.698427200317382812e+00
1.990378856658935547e+00
3.379451990127563477e+00
3.552616596221923828e+00
-3.861079216003417969e+00
-1.857786536216735840e+00
4.392038345336914062e+00
-4.045332908630371094e+00
-7.275094985961914062e-01
-4.974424362182617188e+00
-2.399874776601791382e-01
-3.997148036956787109e+00
3.295462131500244141e+00
1.330273747444152832e+00
3.158488035202026367e+00
-8.011650294065475464e-02
-4.517459392547607422e+00
4.945333003997802734e+00
3.963953018188476562e+00
-2.634588718414306641e+00
-6.528751254081726074e-01
3.969365835189819336e+00
-5.017080903053283691e-01
-3.233930349349975586e+00
-2.888854026794433594e+00
3.981889247894287109e+00
-2.782337665557861328e+00
1.879625678062438965e+00
