4.614307880401611328e+00
2.832925796508789062e+00
-1.424728035926818848e+00
-2.692183732986450195e+00
8.314756751060485840e-01
1.497538089752197266e+00
-3.463476419448852539e+00
2.832662820816040039e+00
4.575419425964355469e+00
3.853328227996826172e+00
-2.898339986801147461e+00
-4.164902687072753906e+00
-3.167518079280853271e-01
-2.801050662994384766e+00
4.711782455444335938e+00
-3.696440935134887695e+00
-3.840214490890502930e+00
4.546831130981445312e+00
-2.037342786788940430e+00
-1.954447031021118164e+00
9.910751134157180786e-02
-3.426562547683715820e+00
3.311051428318023682e-02
3.447724580764770508e+00
-1.105767965316772461e+00
3.613527119159698486e-01
-1.332930207252502441e+00
4.542625904083251953e+00
-9.648040533065795898e-01
-4.489226818084716797e+00
