-3.146967887878417969e+00
-1.524321675300598145e+00
-1.165812253952026367e+00
2.028999328613281250e+00
1.996978044509887695e+00
-3.728389978408813477e+00
-3.373373985290527344e+00
2.926305294036865234e+00
2.721803188323974609e+00
-4.482275485992431641e+00
-3.303867816925048828e+00
3.991734981536865234e+00
-3.415318727493286133e+00
3.682316780090332031e+00
-2.921823024749755859e+00
2.399848222732543945e+00
4.581508159637451172e+00
4.386244773864746094e+00
1.962590932846069336e+00
2.785930633544921875e-01
4.824028015136718750e+00
4.797755718231201172e+00
-2.060253143310546875e+00
-1.276478648185729980e+00
-3.223020792007446289e+00
1.655387759208679199e+00
3.965731382369995117e+00
3.030081510543823242e+00
4.388875961303710938e+00
4.942591667175292969e+00
