-2.132784366607666016e+00
-4.347198009490966797e+00
-3.948068618774414062e+00
-4.197423934936523438e+00
2.464044570922851562e+00
-9.989228248596191406e-01
-3.556740880012512207e-01
4.801829814910888672e+00
1.031377673149108887e+00
3.937050342559814453e+00
6.684070825576782227e-01
-4.854046821594238281e+00
1.759762883186340332e+00
3.726810693740844727e+00
-4.195418357849121094e+00
3.927314758300781250e+00
2.375782966613769531e+00
3.498874902725219727e+00
-8.312933444976806641e-01
3.583508968353271484e+00
-2.547111511230468750e+00
-2.958426952362060547e+00
3.464752674102783203e+00
3.793668270111083984e+00
-9.425914883613586426e-01
-1.152238368988037109e+00
-8.691511750221252441e-01
2.552666664123535156e+00
2.214072465896606445e+00
1.030129075050354004e+00
