6.257212758064270020e-01
-5.566014051437377930e-01
4.885098934173583984e+00
2.851844549179077148e+00
1.805622339248657227e+00
-1.148041248321533203e+00
-2.850857496261596680e+00
-4.222493648529052734e+00
4.958055973052978516e+00
2.811969757080078125e+00
4.930721282958984375e+00
-3.218563318252563477e+00
3.216426849365234375e+00
-3.206401824951171875e+00
-2.518609046936035156e+00
1.967376351356506348e+00
1.287914037704467773e+00
2.594219684600830078e+00
3.055275440216064453e+00
2.805983066558837891e+00
-1.511718630790710449e+00
-2.270138561725616455e-01
-4.888535976409912109e+00
-4.509382247924804688e+00
4.712766170501708984e+00
-2.397130250930786133e+00
-2.658216357231140137e-01
-1.994873046875000000e+00
-1.416633129119873047e+00
-1.791594028472900391e+00
