-3.357742309570312500e+00
3.839876890182495117e+00
-4.990407943725585938e+00
-3.426437139511108398e+00
2.457588195800781250e+00
1.276398897171020508e+00
-3.431956529617309570e+00
-6.725037693977355957e-01
2.723664283752441406e+00
-2.252387762069702148e+00
-2.789311885833740234e+00
3.649153470993041992e+00
-2.992312192916870117e+00
5.786006450653076172e-01
-1.445602893829345703e+00
8.170766830444335938e-01
4.402100086212158203e+00
-3.499772310256958008e+00
-4.262684345245361328e+00
3.658732175827026367e+00
1.466157317161560059e+00
4.403763294219970703e+00
4.218383431434631348e-01
-2.028614759445190430e+00
-2.007138013839721680e+00
-6.537286043167114258e-01
4.065344810485839844e+00
1.256811022758483887e+00
-2.714262723922729492e+00
-3.713819503784179688e+00
