-4.871520042419433594e+00
-4.331015110015869141e+00
1.235494732856750488e+00
-2.241563796997070312e+00
-7.199490070343017578e-01
4.736482620239257812e+00
-1.029905319213867188e+00
-2.251606732606887817e-01
-4.761514186859130859e+00
4.056888580322265625e+00
-3.419904232025146484e+00
-4.199902534484863281e+00
-3.449784755706787109e+00
-1.922633409500122070e+00
-2.987975358963012695e+00
-4.769435882568359375e+00
2.140537261962890625e+00
1.908573150634765625e+00
5.784308314323425293e-01
-4.994913578033447266e+00
4.317548751831054688e+00
3.260408401489257812e+00
1.030514717102050781e+00
-1.606079936027526855e+00
-3.626173019409179688e+00
-1.739139705896377563e-01
3.867741823196411133e+00
2.349190711975097656e+00
-2.145231008529663086e+00
-2.081415414810180664e+00
