-3.456241607666015625e+00
-5.989593863487243652e-01
3.120514392852783203e+00
-1.540523767471313477e+00
4.326855659484863281e+00
2.129934787750244141e+00
-4.519720554351806641e+00
1.634363532066345215e+00
4.955859184265136719e+00
-4.012103557586669922e+00
-2.516120910644531250e+00
1.611005544662475586e+00
-1.487295627593994141e+00
2.807436227798461914e+00
-4.684869766235351562e+00
-4.729172587394714355e-01
2.738775253295898438e+00
-3.941668272018432617e+00
3.569968938827514648e+00
4.474972248077392578e+00
4.076752662658691406e+00
1.335226058959960938e+00
3.568629026412963867e+00
4.697681427001953125e+00
1.860273480415344238e+00
-3.065913677215576172e+00
-3.007490396499633789e+00
4.870100021362304688e+00
-1.026275038719177246e+00
2.933973789215087891e+00
