2.031373023986816406e+00
2.051816225051879883e+00
7.466737031936645508e-01
8.375551700592041016e-01
3.329895734786987305e+00
1.846505880355834961e+00
1.683304429054260254e+00
2.871296167373657227e+00
-1.805898070335388184e+00
2.214390516281127930e+00
-4.439227104187011719e+00
4.330135345458984375e+00
-2.704977035522460938e+00
4.618892192840576172e+00
3.613950252532958984e+00
-2.637372255325317383e+00
-3.200536251068115234e+00
-4.273585319519042969e+00
1.107150316238403320e+00
1.851935267448425293e+00
-9.441491961479187012e-01
-2.239767551422119141e+00
6.531746387481689453e-01
-3.964056968688964844e+00
-1.952601790428161621e+00
1.786836028099060059e+00
-1.198986649513244629e+00
-1.361653208732604980e+00
2.227749586105346680e+00
4.900862216949462891e+00
