2.119997262954711914e+00
2.604234218597412109e+00
8.776227831840515137e-01
-2.305482625961303711e+00
-4.602200031280517578e+00
1.677961826324462891e+00
-3.572311401367187500e+00
-3.175181150436401367e-01
-2.894474744796752930e+00
4.242409706115722656e+00
-7.521938681602478027e-01
-7.328544855117797852e-01
4.224266052246093750e+00
1.792556524276733398e+00
-9.181386828422546387e-01
5.776223912835121155e-02
2.458524703979492188e+00
4.758758068084716797e+00
-4.368899822235107422e+00
4.169048309326171875e+00
2.349169015884399414e+00
3.900758028030395508e+00
1.684633255004882812e+00
-3.411439657211303711e+00
-4.506748199462890625e+00
-3.015264511108398438e+00
-3.350479125976562500e+00
-1.060965895652770996e+00
-1.591209769248962402e+00
-1.978714466094970703e+00
