2.544165849685668945e+00
-1.761722207069396973e+00
2.881920576095581055e+00
-4.591570377349853516e+00
-7.007880806922912598e-01
3.294403076171875000e+00
1.467004060745239258e+00
-3.666881322860717773e+00
-4.520933330059051514e-01
-2.208485603332519531e+00
4.158543109893798828e+00
3.533191680908203125e+00
4.651477813720703125e+00
-3.204306066036224365e-01
1.799537897109985352e+00
-3.228251218795776367e+00
3.928101062774658203e+00
2.080769300460815430e+00
-1.184341549873352051e+00
-3.943658351898193359e+00
-1.287466764450073242e+00
-4.495513916015625000e+00
-2.674100160598754883e+00
-7.253812551498413086e-01
-2.945686817169189453e+00
3.486512184143066406e+00
1.876227498054504395e+00
-2.869719982147216797e+00
-1.608069896697998047e+00
1.394375920295715332e+00
