-4.410659790039062500e+00
2.539777040481567383e+00
-1.412975549697875977e+00
-1.942327976226806641e+00
-4.839265346527099609e+00
7.373116612434387207e-01
1.928151726722717285e+00
2.158061504364013672e+00
1.175164461135864258e+00
-3.050389528274536133e+00
-2.374245643615722656e+00
8.216462135314941406e-01
2.205142021179199219e+00
1.575029253959655762e+00
3.487027406692504883e+00
-4.971189022064208984e+00
-1.072856783866882324e+00
2.638539075851440430e+00
-3.880049467086791992e+00
1.407768964767456055e+00
-2.164492845535278320e+00
4.577137470245361328e+00
-3.199216127395629883e+00
-3.666081666946411133e+00
2.615698814392089844e+00
-1.123215913772583008e+00
1.514746546745300293e+00
2.378426551818847656e+00
5.890185832977294922e-01
3.319682836532592773e+00
