3.962862014770507812e+00
-7.947928905487060547e-01
3.200731039047241211e+00
-1.097372993826866150e-01
-2.141768693923950195e+00
3.420878410339355469e+00
2.985923290252685547e+00
4.186840534210205078e+00
-4.833254814147949219e+00
2.517856597900390625e+00
-4.491643905639648438e+00
-3.254948616027832031e+00
-3.479570627212524414e+00
3.167740106582641602e+00
-1.525387614965438843e-01
-4.322670400142669678e-01
2.606591701507568359e+00
1.206351280212402344e+00
4.145822048187255859e+00
-4.537175655364990234e+00
1.181416034698486328e+00
2.667180061340332031e+00
-4.576009273529052734e+00
-4.509344577789306641e+00
3.561923980712890625e+00
3.420609712600708008e+00
1.658024907112121582e+00
-1.820541501045227051e+00
-5.162597298622131348e-01
-4.747065067291259766e+00
