-1.029484868049621582e+00
1.055033445358276367e+00
-1.506167650222778320e+00
3.069381713867187500e+00
1.013445615768432617e+00
2.995041608810424805e+00
-1.583839178085327148e+00
3.562283039093017578e+00
1.616901278495788574e+00
-2.470314264297485352e+00
-3.615601301193237305e+00
-3.189141452312469482e-01
4.576456069946289062e+00
-2.867308855056762695e+00
4.857444286346435547e+00
1.298164606094360352e+00
4.877768456935882568e-01
-4.770284175872802734e+00
2.064411640167236328e+00
1.114223375916481018e-01
-5.205928683280944824e-01
-1.482106328010559082e+00
4.114491939544677734e+00
3.057739496231079102e+00
-4.027672767639160156e+00
5.767493247985839844e-01
3.718767404556274414e+00
-2.070585250854492188e+00
-3.188035190105438232e-01
-4.209860801696777344e+00
