-5.751747488975524902e-01
-3.625791311264038086e+00
1.339552551507949829e-01
3.386230945587158203e+00
1.300967931747436523e+00
-4.841319918632507324e-01
-3.314857006072998047e+00
4.429465770721435547e+00
-4.282413005828857422e+00
4.969226837158203125e+00
-1.073453903198242188e+00
1.019591808319091797e+00
1.182389631867408752e-01
8.037500977516174316e-01
-2.885540723800659180e-01
2.376194953918457031e+00
-1.359571218490600586e+00
3.036211431026458740e-01
-3.947524547576904297e+00
-1.398520231246948242e+00
3.637503623962402344e+00
3.803452730178833008e+00
2.427107334136962891e+00
1.141496658325195312e+00
9.061251878738403320e-01
-9.058345556259155273e-01
-4.947000980377197266e+00
-8.730312585830688477e-01
-4.475918769836425781e+00
-2.773363351821899414e+00
