-1.041379213333129883e+00
1.417550206184387207e+00
-1.143688917160034180e+00
3.150116205215454102e+00
-3.995803594589233398e+00
4.920283317565917969e+00
3.351241588592529297e+00
1.653603762388229370e-01
-2.736410379409790039e+00
2.931972742080688477e+00
-3.489972352981567383e+00
3.670372962951660156e+00
-1.763296484947204590e+00
-4.623453617095947266e+00
-4.803408145904541016e+00
-3.505119085311889648e+00
4.401913642883300781e+00
-2.577263593673706055e+00
-2.183674097061157227e+00
-4.659384727478027344e+00
2.954944849014282227e+00
2.467254161834716797e+00
-2.735709905624389648e+00
7.748929858207702637e-01
-2.201550006866455078e-01
1.737007856369018555e+00
-4.962169170379638672e+00
-9.301929473876953125e-01
-4.703351020812988281e+00
-1.099781990051269531e+00
