-2.184515714645385742e+00
3.735192775726318359e+00
2.338483333587646484e+00
-3.734491109848022461e+00
1.716087102890014648e+00
-2.889265775680541992e+00
-1.666075587272644043e+00
-1.206247329711914062e+00
-2.028577566146850586e+00
-5.060513019561767578e-01
9.344474077224731445e-01
2.708733558654785156e+00
1.307451963424682617e+00
4.675303459167480469e+00
-1.571097135543823242e+00
-2.363401651382446289e+00
-2.103173732757568359e+00
-6.246618181467056274e-02
2.372991323471069336e+00
-1.948383569717407227e+00
1.971556663513183594e+00
-1.147632122039794922e+00
-3.749273538589477539e+00
3.181818246841430664e+00
-2.091143369674682617e+00
-9.781304597854614258e-01
-1.076251268386840820e+00
-4.233453750610351562e+00
-6.476814746856689453e-01
-3.952009916305541992e+00
