-8.636843562126159668e-01
3.855309963226318359e+00
1.029410481452941895e+00
-2.456340312957763672e+00
-3.645249605178833008e+00
4.482581138610839844e+00
3.560659170150756836e+00
-2.587704420089721680e+00
3.151920318603515625e+00
1.337634325027465820e+00
-5.966848507523536682e-02
3.822112560272216797e+00
2.619518518447875977e+00
-1.511391758918762207e+00
4.588436603546142578e+00
-9.165199995040893555e-01
4.243401527404785156e+00
1.491131544113159180e+00
3.500016689300537109e+00
9.722462892532348633e-01
2.430349349975585938e+00
-2.599367856979370117e+00
3.081733942031860352e+00
3.378612399101257324e-01
-4.302639961242675781e+00
4.621646881103515625e+00
-8.307144641876220703e-01
2.763758599758148193e-01
4.193449020385742188e+00
1.114404201507568359e+00
