-2.473067045211791992e+00
-1.020456910133361816e+00
-2.092975854873657227e+00
-2.516377449035644531e+00
-4.384450435638427734e+00
-3.837818622589111328e+00
9.374870918691158295e-03
4.671164788305759430e-03
-2.684303760528564453e+00
4.003956317901611328e+00
-1.488839983940124512e+00
4.423115730285644531e+00
-2.900532007217407227e+00
2.921917200088500977e+00
1.777382850646972656e+00
-2.400151968002319336e+00
2.673341035842895508e+00
-2.347015857696533203e+00
3.338994503021240234e+00
2.095039844512939453e+00
-4.736447811126708984e+00
2.482457399368286133e+00
2.559115409851074219e+00
1.505247473716735840e+00
8.416820764541625977e-01
-4.445236682891845703e+00
4.618078708648681641e+00
4.395462989807128906e+00
-4.695059776306152344e+00
4.130800247192382812e+00
