-3.602366685867309570e+00
-4.114760875701904297e+00
-4.973271846771240234e+00
2.410667896270751953e+00
4.220701217651367188e+00
-4.833489894866943359e+00
1.897012948989868164e+00
8.658176064491271973e-01
-3.922054290771484375e+00
-2.222876548767089844e+00
-3.314193725585937500e+00
-4.516792774200439453e+00
3.226200819015502930e+00
-6.063712239265441895e-01
3.979601860046386719e+00
6.674849390983581543e-01
-2.267917633056640625e+00
1.291550993919372559e+00
1.618137508630752563e-01
3.379639148712158203e+00
-3.921015739440917969e+00
3.257552981376647949e-01
6.892574429512023926e-01
-3.422614812850952148e+00
7.787237763404846191e-01
2.443500757217407227e+00
8.354400396347045898e-01
-3.424907684326171875e+00
3.887065887451171875e+00
6.371922492980957031e-01
