1.517548918724060059e+00
-4.209404945373535156e+00
-5.966984033584594727e-01
2.118530035018920898e+00
1.937845110893249512e+00
4.349786043167114258e-01
-2.573396205902099609e+00
2.673563718795776367e+00
2.267826080322265625e+00
-4.299591064453125000e+00
-1.308657765388488770e+00
-2.982000589370727539e+00
-3.725869894027709961e+00
3.147372961044311523e+00
-3.542775154113769531e+00
-2.298610210418701172e+00
7.781218886375427246e-01
3.438819408416748047e+00
-1.782606005668640137e+00
-1.364112019538879395e+00
-1.269327163696289062e+00
-1.328940391540527344e+00
1.292301654815673828e+00
8.978127688169479370e-02
1.514102220535278320e+00
-1.245306015014648438e+00
4.739995479583740234e+00
3.322469711303710938e+00
-7.422976493835449219e-01
3.292284727096557617e+00
