-2.900583982467651367e+00
3.864849328994750977e+00
-2.871411323547363281e+00
-2.958933830261230469e+00
7.301285266876220703e-01
3.415679693222045898e+00
-3.652849197387695312e+00
-3.849070310592651367e+00
1.548085212707519531e+00
3.571738302707672119e-01
4.530533313751220703e+00
-2.317271947860717773e+00
1.976313591003417969e+00
1.842845559120178223e+00
-3.357707977294921875e+00
4.932668209075927734e-01
-2.334501504898071289e+00
-4.132087230682373047e+00
-7.292219996452331543e-01
3.333835840225219727e+00
-4.208595752716064453e+00
-1.428440928459167480e+00
4.748166084289550781e+00
3.423852205276489258e+00
-3.757886886596679688e+00
4.478875160217285156e+00
-3.960813522338867188e+00
-1.419547796249389648e-01
1.759495258331298828e+00
-3.804941177368164062e+00
