9.050852060317993164e-01
-4.491250038146972656e+00
1.130927562713623047e+00
-2.070152521133422852e+00
3.347368240356445312e+00
-2.433570861816406250e+00
4.601870536804199219e+00
4.502520084381103516e+00
4.823160171508789062e+00
-4.054407119750976562e+00
-2.779778003692626953e+00
2.161075115203857422e+00
-1.749855399131774902e+00
1.489595770835876465e+00
2.603892087936401367e+00
-4.014148235321044922e+00
2.043829672038555145e-02
4.152381420135498047e+00
-4.421483516693115234e+00
3.332803010940551758e+00
-2.841062843799591064e-01
1.704999923706054688e+00
-1.116717815399169922e+00
-3.841389656066894531e+00
-5.556592345237731934e-01
-5.077174305915832520e-01
-3.506383895874023438e+00
4.174841880798339844e+00
4.969236373901367188e+00
3.029486656188964844e+00
