-2.094624757766723633e+00
2.645034551620483398e+00
2.196202278137207031e+00
4.868749618530273438e+00
4.457522869110107422e+00
3.858930468559265137e-01
3.396887302398681641e+00
4.203478336334228516e+00
8.431550264358520508e-01
3.894279241561889648e+00
-3.164458751678466797e+00
7.025789022445678711e-01
8.862006068229675293e-01
8.705831170082092285e-01
3.291052818298339844e+00
-2.783060789108276367e+00
1.028938412666320801e+00
-3.587916374206542969e+00
-3.188468694686889648e+00
2.467750072479248047e+00
3.228641986846923828e+00
-5.076042413711547852e-01
3.388139486312866211e+00
-3.284915447235107422e+00
2.812088727951049805e-01
2.020152807235717773e+00
1.467343807220458984e+00
-1.168394327163696289e+00
-3.958726167678833008e+00
1.516491770744323730e+00
