-1.661143183708190918e+00
-4.446573734283447266e+00
-3.338127613067626953e+00
2.541068553924560547e+00
-4.878201961517333984e+00
4.640436649322509766e+00
3.259948253631591797e+00
-4.015240669250488281e+00
-9.632966518402099609e-01
1.625733852386474609e+00
-2.363239765167236328e+00
1.277762770652770996e+00
4.208700656890869141e+00
4.362215042114257812e+00
-1.260352730751037598e+00
-3.658369064331054688e+00
3.736789941787719727e+00
1.881047785282135010e-01
-1.394523262977600098e+00
-3.157711982727050781e+00
1.984876632690429688e+00
-4.256911277770996094e+00
-9.754790663719177246e-01
-7.654676437377929688e-01
-4.464984893798828125e+00
4.722304046154022217e-01
2.331561326980590820e+00
2.670390129089355469e+00
4.730233669281005859e+00
-4.539003372192382812e+00
