1.287407159805297852e+00
-2.122426271438598633e+00
-4.806432247161865234e+00
1.902882218360900879e+00
2.192361831665039062e+00
-3.885683536529541016e+00
-4.869810104370117188e+00
-3.285150051116943359e+00
-4.140295982360839844e-01
-4.960241794586181641e+00
1.797435164451599121e+00
6.374244093894958496e-01
4.410882949829101562e+00
-4.078930377960205078e+00
-5.859474539756774902e-01
-3.977957010269165039e+00
2.147302389144897461e+00
-4.290163516998291016e+00
-6.120496392250061035e-01
-1.130931138992309570e+00
1.094454601407051086e-01
1.117466807365417480e+00
-3.349160671234130859e+00
1.116231918334960938e+00
-1.762205362319946289e+00
-4.113498210906982422e+00
1.814385652542114258e+00
1.217153191566467285e+00
-2.891649961471557617e+00
2.298488378524780273e+00
