-4.268371582031250000e+00
3.833047866821289062e+00
2.169684171676635742e+00
2.239043861627578735e-01
4.771794319152832031e+00
-2.172466278076171875e+00
-1.883265137672424316e+00
-1.531696557998657227e+00
2.908642292022705078e+00
2.477370023727416992e+00
1.022702932357788086e+00
1.248543024063110352e+00
3.353862047195434570e+00
-2.879008531570434570e+00
3.823944091796875000e+00
5.485963821411132812e-01
1.463958501815795898e+00
1.036949157714843750e+00
3.315405130386352539e+00
4.987245082855224609e+00
3.386215925216674805e+00
1.997577309608459473e+00
-3.119364500045776367e+00
2.807162046432495117e+00
4.339580535888671875e+00
4.191617369651794434e-01
-2.590553522109985352e+00
-2.261072635650634766e+00
3.341182470321655273e-01
-3.181254625320434570e+00
