-1.676400065422058105e+00
-1.734513401985168457e+00
-3.035736560821533203e+00
4.547341346740722656e+00
-3.540670394897460938e+00
-3.630644321441650391e+00
3.975250482559204102e+00
3.606553316116333008e+00
4.994667470455169678e-01
-1.311032295227050781e+00
6.816484332084655762e-01
1.202932953834533691e+00
-4.240098953247070312e+00
-2.783079624176025391e+00
2.772286176681518555e+00
1.100529313087463379e+00
-2.817585468292236328e+00
-3.436597585678100586e+00
1.999206542968750000e+00
-3.583624362945556641e+00
-4.831211090087890625e+00
-3.681265115737915039e+00
-1.678810000419616699e+00
4.781463146209716797e+00
-3.424509763717651367e+00
1.929726004600524902e+00
4.472891330718994141e+00
3.975602626800537109e+00
9.948256611824035645e-02
-2.490731716156005859e+00
