-9.303663969039916992e-01
-4.563086986541748047e+00
-1.378804922103881836e+00
-1.274255990982055664e+00
3.877074718475341797e-01
-4.092694282531738281e+00
2.489031553268432617e+00
-3.239920139312744141e+00
-2.464863300323486328e+00
1.665753126144409180e+00
2.707590579986572266e+00
3.415643930435180664e+00
3.551211595535278320e+00
-1.553560018539428711e+00
-2.929205894470214844e+00
1.778207659721374512e+00
-3.687878131866455078e+00
-3.671256542205810547e+00
3.519109964370727539e+00
2.688081026077270508e+00
2.412148267030715942e-01
3.435593128204345703e+00
-3.221767842769622803e-01
-1.759214282035827637e+00
4.143556594848632812e+00
6.411994695663452148e-01
-3.836899280548095703e+00
-1.713456988334655762e+00
-2.638848543167114258e+00
1.524513125419616699e+00
