4.503968715667724609e+00
-3.178785085678100586e+00
-1.916695713996887207e+00
-4.183525562286376953e+00
3.880504131317138672e+00
1.190874814987182617e+00
2.600664615631103516e+00
1.422899484634399414e+00
-1.981800794601440430e+00
-2.754720687866210938e+00
1.308344841003417969e+00
-4.535042285919189453e+00
2.994555234909057617e+00
4.015399456024169922e+00
-1.371114611625671387e+00
4.711752235889434814e-01
-3.881089687347412109e+00
-1.803916573524475098e+00
1.877909660339355469e+00
-4.542621612548828125e+00
-9.123131036758422852e-01
4.818852424621582031e+00
2.625425457954406738e-01
-4.406753063201904297e+00
3.770672798156738281e+00
-2.961436808109283447e-01
-4.006532669067382812e+00
-3.908726453781127930e+00
-1.950031876564025879e+00
-4.339282512664794922e-01
