-4.308007240295410156e+00
-3.449106931686401367e+00
-3.080495119094848633e+00
2.894105434417724609e+00
-1.396724939346313477e+00
4.388129711151123047e+00
-3.085418939590454102e+00
-4.100311756134033203e+00
5.417175218462944031e-02
2.937811374664306641e+00
-3.430662870407104492e+00
3.387070298194885254e-01
-3.138732910156250000e+00
-2.340631246566772461e+00
2.578551292419433594e+00
-1.080556511878967285e+00
-2.553730010986328125e+00
8.413112759590148926e-01
9.957821369171142578e-01
-1.442598819732666016e+00
-2.552469491958618164e+00
4.017729759216308594e+00
3.760737776756286621e-01
4.288807392120361328e+00
-2.880254507064819336e+00
-1.247624635696411133e+00
-1.702322840690612793e+00
4.853917360305786133e-01
-2.930905580520629883e+00
-4.670807421207427979e-01
