-1.389462590217590332e+00
-8.322765231132507324e-01
-4.636093139648437500e+00
-3.054495155811309814e-01
-1.339436411857604980e+00
8.491085767745971680e-01
4.142782688140869141e+00
3.456613779067993164e+00
3.566902399063110352e+00
-1.853241443634033203e+00
-2.402493953704833984e+00
-2.230855226516723633e+00
5.537983179092407227e-01
-2.901666879653930664e+00
-2.375098228454589844e+00
4.239041805267333984e+00
4.514853954315185547e+00
1.789908766746520996e+00
-4.190825462341308594e+00
1.160855412483215332e+00
1.885688900947570801e+00
3.459595203399658203e+00
3.775385916233062744e-01
4.176807880401611328e+00
-4.532897949218750000e+00
2.975642681121826172e+00
-3.808713197708129883e+00
5.914155840873718262e-01
-1.384793281555175781e+00
3.446590185165405273e+00
