-3.762480497360229492e+00
5.927898287773132324e-01
-4.464698791503906250e+00
-4.093227386474609375e+00
-4.323998987674713135e-01
2.224120855331420898e+00
-2.792421340942382812e+00
4.231531143188476562e+00
-3.971078634262084961e+00
9.701969623565673828e-01
-3.339805364608764648e+00
-1.323056101799011230e+00
-2.312482595443725586e-01
1.714326739311218262e+00
4.840911388397216797e+00
2.654289007186889648e+00
-2.250858545303344727e+00
2.784236371517181396e-01
3.217079162597656250e+00
-2.687295675277709961e+00
1.184873580932617188e+00
-1.062758088111877441e+00
-3.738864183425903320e+00
-1.873212695121765137e+00
-1.274417519569396973e+00
3.635461568832397461e+00
-1.134177088737487793e+00
-3.171088993549346924e-01
1.542136788368225098e+00
-1.401210874319076538e-01
