-6.960937976837158203e-01
2.548636198043823242e+00
-3.036655664443969727e+00
4.755347728729248047e+00
-2.946338176727294922e+00
1.824545383453369141e+00
2.069167137145996094e+00
-3.890418052673339844e+00
-7.356805205345153809e-01
-4.120329856872558594e+00
-3.683761656284332275e-01
4.971264839172363281e+00
-4.698935031890869141e+00
4.760668754577636719e+00
1.831907510757446289e+00
4.285586774349212646e-01
3.529350519180297852e+00
-4.119463443756103516e+00
4.098162174224853516e+00
-2.415122032165527344e+00
3.481165170669555664e+00
2.675805091857910156e+00
-4.566380977630615234e+00
1.243146061897277832e+00
2.863539457321166992e+00
1.754548788070678711e+00
4.736510276794433594e+00
-4.323639869689941406e+00
-2.955041408538818359e+00
-1.305806756019592285e+00
