4.938758850097656250e+00
2.485723257064819336e+00
-3.860402822494506836e+00
2.704826831817626953e+00
1.577034592628479004e+00
-1.402431488037109375e+00
-1.273357421159744263e-01
3.310186788439750671e-02
3.503233909606933594e+00
-1.327497124671936035e+00
1.690874099731445312e+00
-2.706016063690185547e+00
-4.418145179748535156e+00
-1.291838884353637695e+00
-4.450901985168457031e+00
-2.092444896697998047e-01
-1.450375556945800781e+00
7.757053375244140625e-01
-2.948749780654907227e+00
1.517784476280212402e+00
1.944550514221191406e+00
-1.753345727920532227e+00
-3.737517356872558594e+00
4.878551483154296875e+00
-3.149055719375610352e+00
-4.471799850463867188e+00
2.148279100656509399e-01
-2.728623867034912109e+00
-8.749405145645141602e-01
-1.445763744413852692e-02
