-4.287232398986816406e+00
-1.192662239074707031e+00
2.050367832183837891e+00
1.723778724670410156e+00
4.604672431945800781e+00
-3.055887699127197266e+00
1.198203325271606445e+00
-4.969469070434570312e+00
3.447746515274047852e+00
3.847287416458129883e+00
2.095010280609130859e+00
-9.673459529876708984e-01
4.251307964324951172e+00
5.992184579372406006e-02
4.706345081329345703e+00
2.338752269744873047e+00
-1.576171040534973145e+00
-4.219881057739257812e+00
-3.216113328933715820e+00
2.074962407350540161e-01
1.021905660629272461e+00
2.563862800598144531e+00
4.736966133117675781e+00
3.250556945800781250e+00
3.035846948623657227e-01
-1.526412665843963623e-01
-4.094773769378662109e+00
-3.894239664077758789e+00
-2.780815124511718750e+00
-1.532809734344482422e+00
