-4.334383487701416016e+00
-2.281143188476562500e+00
-2.210721015930175781e+00
-4.218233108520507812e+00
-1.290522575378417969e+00
1.740070462226867676e+00
-3.297877073287963867e+00
-9.615908265113830566e-01
3.185943365097045898e+00
-4.168981552124023438e+00
2.002879142761230469e+00
-4.409898757934570312e+00
4.050275325775146484e+00
-9.962540864944458008e-01
3.168514490127563477e+00
2.900039851665496826e-01
4.122136592864990234e+00
-3.819200992584228516e+00
-1.519063711166381836e+00
-1.236404895782470703e+00
-1.972082108259201050e-01
3.802259445190429688e+00
2.591625690460205078e+00
-3.819608926773071289e+00
3.798808574676513672e+00
-2.993734180927276611e-01
-4.548967838287353516e+00
-4.938920021057128906e+00
4.565896987915039062e+00
-3.745438098907470703e+00
