-3.514916002750396729e-01
-1.569427967071533203e+00
-2.232876777648925781e+00
-4.533183574676513672e+00
1.521784782409667969e+00
-1.446016669273376465e+00
-1.134929060935974121e+00
2.937926769256591797e+00
4.015551567077636719e+00
2.763124704360961914e+00
-3.501638650894165039e+00
1.801720499992370605e+00
4.758064270019531250e+00
4.210240840911865234e+00
-1.601485848426818848e+00
-3.670280218124389648e+00
3.113632202148437500e+00
6.521407365798950195e-01
1.317799240350723267e-01
4.914391517639160156e+00
-1.643073320388793945e+00
-2.648592233657836914e+00
4.231623649597167969e+00
-5.703029632568359375e-01
2.988397121429443359e+00
3.487600326538085938e+00
8.524011820554733276e-02
-1.008518576622009277e+00
-3.497616767883300781e+00
-1.486335992813110352e+00
