3.830590963363647461e+00
1.621861457824707031e+00
3.438690185546875000e+00
3.498597383499145508e+00
-2.653648376464843750e+00
-3.809154748916625977e+00
4.783752441406250000e+00
-3.013201475143432617e+00
3.077817678451538086e+00
6.469692587852478027e-01
-3.340306520462036133e+00
3.332819938659667969e+00
2.140871047973632812e+00
-7.892462015151977539e-01
4.609523296356201172e+00
-2.323534727096557617e+00
2.462131977081298828e+00
-4.133539199829101562e+00
1.873435139656066895e+00
-4.928108215332031250e+00
7.036358118057250977e-01
2.048837661743164062e+00
1.170794129371643066e+00
4.400282382965087891e+00
2.908869743347167969e+00
3.350256919860839844e+00
8.835732340812683105e-01
-3.919241189956665039e+00
-6.105217933654785156e-01
-4.558655738830566406e+00
