-2.285456180572509766e+00
4.429272651672363281e+00
-2.461576938629150391e+00
3.691526412963867188e+00
-1.885180950164794922e+00
4.755337834358215332e-01
1.603810191154479980e+00
-2.900748491287231445e+00
-6.718870401382446289e-01
7.865756750106811523e-01
-1.301426529884338379e+00
-6.011011004447937012e-01
-5.888683199882507324e-01
1.473307013511657715e-01
-1.278639912605285645e+00
-3.663039207458496094e-01
3.272363185882568359e+00
-4.567202568054199219e+00
3.351522922515869141e+00
-1.045055270195007324e+00
-1.811480402946472168e+00
8.219968676567077637e-01
-3.122276663780212402e-01
4.238582611083984375e+00
-1.094330787658691406e+00
4.113368988037109375e+00
-1.617278695106506348e+00
2.474726438522338867e+00
-3.670403718948364258e+00
2.180953741073608398e+00
