1.138429641723632812e+00
-5.431791543960571289e-01
-6.109372973442077637e-01
-2.365829229354858398e+00
-2.727500677108764648e+00
-4.799805581569671631e-01
-5.029835179448127747e-02
-4.606370031833648682e-01
3.888399124145507812e+00
-1.904008388519287109e+00
3.518076896667480469e+00
2.024224996566772461e+00
2.441063404083251953e+00
-1.471902132034301758e+00
-2.706186294555664062e+00
4.580324590206146240e-01
1.751311779022216797e+00
3.468238711357116699e-01
-2.388740062713623047e+00
-3.652502536773681641e+00
4.370541095733642578e+00
-3.137372970581054688e+00
-2.885374724864959717e-01
2.007214069366455078e+00
3.843393564224243164e+00
4.579376429319381714e-02
-3.482681274414062500e+00
4.477008819580078125e+00
2.143675088882446289e+00
-4.860805034637451172e+00
