2.167142182588577271e-01
1.635556817054748535e+00
3.954779386520385742e+00
2.673380136489868164e+00
4.125599861145019531e+00
2.951385736465454102e+00
-3.723353445529937744e-01
7.567963004112243652e-01
1.226311922073364258e+00
3.176711320877075195e+00
4.023031234741210938e+00
-6.345112323760986328e-01
-1.513327836990356445e+00
4.830307960510253906e+00
-2.543321549892425537e-01
2.376675367355346680e+00
-1.984262585639953613e+00
3.831146955490112305e+00
-1.413498878479003906e+00
3.109412670135498047e+00
-2.392590284347534180e+00
4.131300449371337891e+00
8.804065585136413574e-01
-4.878255367279052734e+00
2.573718547821044922e+00
-4.415780544281005859e+00
-1.666938185691833496e+00
3.120298624038696289e+00
3.435196876525878906e+00
1.417228698730468750e+00
