8.186558485031127930e-01
-3.891741037368774414e+00
1.507614254951477051e+00
-4.786797523498535156e+00
3.673864841461181641e+00
2.355719089508056641e+00
-2.388711214065551758e+00
1.030482769012451172e+00
-2.316786527633666992e+00
2.003602027893066406e+00
-3.572510957717895508e+00
-2.179572820663452148e+00
2.093841314315795898e+00
-3.785092353820800781e+00
-8.546676635742187500e-01
-6.754598617553710938e-01
3.177947759628295898e+00
3.977922201156616211e+00
-3.340820789337158203e+00
-1.356854200363159180e+00
4.335932254791259766e+00
1.539920210838317871e+00
2.100619554519653320e+00
4.033287525177001953e+00
-1.564027070999145508e+00
-2.814314603805541992e+00
1.665703773498535156e+00
3.301003456115722656e+00
3.566074609756469727e+00
-2.565128803253173828e+00
