-2.764980792999267578e-01
-5.474353432655334473e-01
4.759483337402343750e+00
1.890052318572998047e+00
3.895487546920776367e+00
-1.481745392084121704e-01
3.356403112411499023e+00
3.894304513931274414e+00
8.883786797523498535e-01
4.054826259613037109e+00
1.751501560211181641e+00
7.861606478691101074e-01
-3.097664594650268555e+00
-1.473169922828674316e-01
2.774475097656250000e+00
7.617282271385192871e-01
-1.958517313003540039e+00
3.427375316619873047e+00
-2.423142045736312866e-01
-3.508534431457519531e+00
-2.195789337158203125e+00
1.527344286441802979e-01
-3.807744979858398438e-01
2.876109480857849121e-01
4.419342517852783203e+00
-3.395284652709960938e+00
-2.539014101028442383e+00
1.188501954078674316e+00
1.638341844081878662e-01
3.231302976608276367e+00
