-3.200701951980590820e+00
4.200244903564453125e+00
1.558007121086120605e+00
8.562483787536621094e-01
3.375043630599975586e+00
-1.736405938863754272e-01
-3.766127586364746094e+00
3.785493135452270508e+00
-3.049405336380004883e+00
-1.793743491172790527e+00
4.649156093597412109e+00
1.271481394767761230e+00
3.346601724624633789e+00
4.565430641174316406e+00
2.153972864151000977e+00
-4.654968261718750000e+00
-2.029275178909301758e+00
2.625794172286987305e+00
-4.055878639221191406e+00
-1.449712216854095459e-01
3.508391618728637695e+00
3.081611633300781250e+00
-4.672731876373291016e+00
3.425210714340209961e+00
1.740729212760925293e+00
-4.129462718963623047e+00
-4.923755645751953125e+00
1.054539084434509277e+00
-3.941699028015136719e+00
-3.961569547653198242e+00
