-3.484035730361938477e+00
1.437212824821472168e+00
1.057268977165222168e+00
-4.215767860412597656e+00
3.131368160247802734e+00
-3.735430240631103516e+00
9.736449718475341797e-01
-2.961003541946411133e+00
-2.891737937927246094e+00
-2.078619003295898438e+00
7.674555778503417969e-01
-3.225713968276977539e+00
3.831347703933715820e+00
-2.337214946746826172e+00
4.897237777709960938e+00
-2.730858564376831055e+00
1.521706730127334595e-01
4.548760354518890381e-01
-2.637513160705566406e+00
-4.311039924621582031e+00
3.010013997554779053e-01
-9.561095237731933594e-01
-2.705874681472778320e+00
6.358750462532043457e-01
1.453834056854248047e+00
-3.819189786911010742e+00
-2.829447984695434570e+00
4.391715824604034424e-01
4.058089733123779297e+00
3.493045568466186523e+00
