-4.925084590911865234e+00
-2.860578298568725586e+00
-1.314199090003967285e+00
-2.299921512603759766e+00
4.480002880096435547e+00
-5.852757692337036133e-01
3.433903932571411133e+00
2.709583759307861328e+00
4.420654475688934326e-01
1.455380558967590332e+00
2.941209316253662109e+00
-2.332366943359375000e+00
2.711143732070922852e+00
2.960282325744628906e+00
-3.253229618072509766e+00
4.064506530761718750e+00
4.328006267547607422e+00
1.266906689852476120e-02
4.931441307067871094e+00
-4.651578426361083984e+00
-3.149886727333068848e-01
4.136414527893066406e+00
-1.069937944412231445e+00
-3.257461309432983398e+00
4.043985843658447266e+00
-1.016771912574768066e+00
-4.223694801330566406e+00
-1.156191587448120117e+00
-2.171810865402221680e+00
3.657787799835205078e+00
