2.206891536712646484e+00
4.211248397827148438e+00
2.924244880676269531e+00
1.828796267509460449e+00
8.312965631484985352e-01
-7.952851057052612305e-01
5.987914204597473145e-01
2.501256465911865234e+00
1.342017650604248047e+00
2.518608570098876953e-01
4.054501533508300781e+00
-4.698163509368896484e+00
-1.701496839523315430e+00
-3.120469570159912109e+00
4.576611995697021484e+00
1.955107092857360840e+00
-4.268385410308837891e+00
-3.597465515136718750e+00
-1.980549454689025879e+00
2.612830400466918945e+00
-3.621549844741821289e+00
2.947890758514404297e+00
4.759375572204589844e+00
-8.088979125022888184e-02
3.250743627548217773e+00
-2.864218950271606445e+00
-3.338315248489379883e+00
2.551176071166992188e+00
3.713856935501098633e+00
2.096856832504272461e+00
