-3.411348104476928711e+00
2.668180227279663086e+00
1.216721653938293457e+00
4.471299946308135986e-01
2.913609266281127930e+00
5.883110761642456055e-01
1.782277703285217285e+00
-1.989354133605957031e+00
-2.752268552780151367e+00
-4.411721229553222656e+00
-3.242186069488525391e+00
-9.405168890953063965e-01
1.270382285118103027e+00
-1.110602974891662598e+00
-2.376750946044921875e+00
4.265287876129150391e+00
2.533530712127685547e+00
-5.237842798233032227e-01
3.777962207794189453e+00
-9.272750020027160645e-01
1.057678699493408203e+00
8.720927238464355469e-01
-3.423263549804687500e+00
3.565412044525146484e+00
4.672726154327392578e+00
-1.062540337443351746e-01
-4.594449043273925781e+00
1.743964552879333496e+00
2.532909154891967773e+00
-1.999242186546325684e+00
