-4.229411125183105469e+00
1.580733776092529297e+00
5.635492801666259766e-01
1.576973080635070801e+00
4.767574787139892578e+00
-4.668532848358154297e+00
-3.579254150390625000e+00
-2.141329526901245117e+00
-2.342256069183349609e+00
-4.088132858276367188e+00
-1.345344901084899902e+00
3.327835321426391602e+00
3.214034318923950195e+00
-7.421442270278930664e-01
4.804726600646972656e+00
-3.911731719970703125e+00
-1.152055859565734863e+00
4.428553581237792969e+00
-8.751190304756164551e-01
-4.326161384582519531e+00
-1.697918295860290527e+00
4.571181297302246094e+00
-4.067980766296386719e+00
-2.934581756591796875e+00
-1.520600438117980957e+00
3.388828039169311523e+00
-2.373737096786499023e+00
-1.175597310066223145e+00
-4.789446830749511719e+00
-2.364001989364624023e+00
