-2.567272901535034180e+00
4.931583881378173828e+00
1.188681274652481079e-01
3.348597526550292969e+00
4.552040100097656250e+00
4.601292610168457031e+00
2.559344291687011719e+00
-4.367668330669403076e-01
3.987936258316040039e+00
3.260268568992614746e-01
4.287033081054687500e+00
2.397294044494628906e+00
-3.655033707618713379e-01
-1.707434892654418945e+00
3.438461780548095703e+00
2.308084726333618164e+00
-4.338316917419433594e+00
-2.883241176605224609e+00
-4.219758510589599609e+00
-7.874752879142761230e-01
9.729318618774414062e-01
4.846588611602783203e+00
7.510704398155212402e-01
-8.650119900703430176e-01
-1.794250607490539551e+00
-1.537047386169433594e+00
1.022045612335205078e+00
4.975977420806884766e+00
-4.057587146759033203e+00
8.228251338005065918e-01
