-3.775167703628540039e+00
-6.424502134323120117e-01
-5.999239087104797363e-01
1.361562728881835938e+00
-2.630680799484252930e+00
-8.828163743019104004e-01
5.787103772163391113e-01
4.158552646636962891e+00
3.237294435501098633e+00
-3.035367012023925781e+00
1.987686276435852051e+00
-3.032395601272583008e+00
4.568708419799804688e+00
3.545729398727416992e+00
5.100039243698120117e-01
-3.098085165023803711e+00
4.048988819122314453e+00
1.424675703048706055e+00
1.424767524003982544e-01
-2.910685241222381592e-01
2.482670783996582031e+00
-3.600330114364624023e+00
-3.257115840911865234e+00
-2.742341279983520508e+00
-4.791515827178955078e+00
2.196732521057128906e+00
-3.599888324737548828e+00
2.836091756820678711e+00
2.077501535415649414e+00
1.075692415237426758e+00
