-3.021229028701782227e+00
3.409404158592224121e-01
-3.064329147338867188e+00
-2.978329658508300781e+00
4.681558609008789062e+00
9.466794133186340332e-01
-3.526438951492309570e+00
-2.613520622253417969e+00
-4.153068542480468750e+00
2.839536666870117188e+00
3.020290851593017578e+00
3.390275478363037109e+00
-3.917440652847290039e+00
-2.610626697540283203e+00
1.390176653861999512e+00
-2.112435102462768555e+00
-4.572460174560546875e+00
2.771442890167236328e+00
2.467488288879394531e+00
6.489635109901428223e-01
-4.543014049530029297e+00
3.323828279972076416e-01
3.954663276672363281e+00
1.970928907394409180e+00
3.074597120285034180e+00
8.433590829372406006e-02
3.643281161785125732e-01
-1.531266450881958008e+00
-3.804703950881958008e+00
-3.804195642471313477e+00
