-2.154304027557373047e+00
4.364659786224365234e+00
-8.184688687324523926e-01
-2.249594449996948242e+00
2.998061180114746094e+00
2.622420787811279297e+00
-3.084204196929931641e+00
3.117593288421630859e+00
2.357142925262451172e+00
-3.932112455368041992e-01
-4.918937206268310547e+00
-1.200348377227783203e+00
-3.410200834274291992e+00
3.972043037414550781e+00
4.248362541198730469e+00
-3.091651439666748047e+00
4.961287021636962891e+00
2.737633466720581055e+00
-4.320966243743896484e+00
1.638495445251464844e+00
2.435281276702880859e+00
9.499847888946533203e-01
2.520433425903320312e+00
1.278586030006408691e+00
4.889804363250732422e+00
-3.157437086105346680e+00
-1.760365009307861328e+00
-2.502990961074829102e+00
5.842453241348266602e-01
-1.279140114784240723e+00
