-4.192619323730468750e+00
-1.095512866973876953e+00
-1.223917484283447266e+00
-2.270626306533813477e+00
-2.118685960769653320e+00
-1.098491474986076355e-01
8.827009797096252441e-01
3.831789970397949219e+00
8.086776137351989746e-01
-4.258018016815185547e+00
3.406295061111450195e+00
4.419447422027587891e+00
4.423657417297363281e+00
2.344613313674926758e+00
1.855489373207092285e+00
-1.139286518096923828e+00
1.092792630195617676e+00
-4.366993427276611328e+00
3.948697805404663086e+00
-3.156003713607788086e+00
2.047992795705795288e-01
4.369859218597412109e+00
3.009458303451538086e+00
-2.407485485076904297e+00
5.473942160606384277e-01
1.156569600105285645e+00
2.500304222106933594e+00
4.434109479188919067e-02
1.040294647216796875e+00
1.847638368606567383e+00
