-4.977941513061523438e+00
-1.587753295898437500e+00
-9.409879446029663086e-01
3.524587631225585938e+00
-1.885570287704467773e+00
4.146849632263183594e+00
-4.168397426605224609e+00
-1.709855318069458008e+00
-3.305830240249633789e+00
2.843839645385742188e+00
-1.877417564392089844e+00
-8.409885168075561523e-01
-4.512174606323242188e+00
-5.804816484451293945e-01
2.704042911529541016e+00
-2.044183969497680664e+00
1.355084657669067383e+00
4.573882579803466797e+00
2.790355443954467773e+00
-1.577929496765136719e+00
3.113068342208862305e+00
1.118999481201171875e+00
3.795887470245361328e+00
5.787736177444458008e-01
1.011169314384460449e+00
2.063308477401733398e+00
3.567701101303100586e+00
3.619145154953002930e+00
2.313196659088134766e+00
-3.747233152389526367e-01
