-1.749658942222595215e+00
4.971357822418212891e+00
-4.526506900787353516e+00
2.994983270764350891e-02
-1.018470048904418945e+00
-3.687010526657104492e+00
-1.210377216339111328e+00
5.329046845436096191e-01
3.004382848739624023e+00
-3.472950220108032227e+00
4.580089092254638672e+00
1.488871932029724121e+00
1.658784508705139160e+00
-2.524040043354034424e-01
-2.419701576232910156e+00
-1.832236051559448242e+00
4.328196525573730469e+00
1.088886380195617676e+00
-4.869965553283691406e+00
4.363020896911621094e+00
1.372280955314636230e+00
9.356213361024856567e-02
2.832887172698974609e+00
-3.497903823852539062e+00
1.537422299385070801e+00
5.977779030799865723e-01
1.336529135704040527e+00
3.841875791549682617e-01
-1.879578948020935059e+00
-1.395309925079345703e+00
