4.954736828804016113e-01
-1.365116238594055176e-01
4.561421394348144531e+00
-2.091756276786327362e-02
-3.030907869338989258e+00
9.775362908840179443e-02
-8.688772320747375488e-01
3.587703227996826172e+00
4.427752971649169922e+00
-1.125270128250122070e+00
4.294078826904296875e+00
1.758881211280822754e+00
-6.149840354919433594e-02
-4.538154602050781250e+00
7.160485386848449707e-01
1.136642098426818848e+00
7.697634696960449219e-01
-1.844104886054992676e+00
-1.927505850791931152e+00
-3.437262535095214844e+00
-3.182982444763183594e+00
4.472544670104980469e+00
3.359847366809844971e-01
-5.182464122772216797e-01
1.570427298545837402e+00
9.368825554847717285e-01
3.357698202133178711e+00
3.681910037994384766e+00
-4.375169810373336077e-04
-1.897408008575439453e+00
