-4.047622680664062500e+00
1.390323638916015625e-01
7.617267221212387085e-02
-2.905547380447387695e+00
5.328670144081115723e-01
2.510970354080200195e+00
-1.640644788742065430e+00
-4.336449623107910156e+00
-2.969882726669311523e+00
-3.569405555725097656e+00
2.084693431854248047e+00
2.622562885284423828e+00
-1.412968784570693970e-01
-5.657430291175842285e-01
-8.579822182655334473e-01
-4.976774215698242188e+00
2.405724763870239258e+00
-4.572180271148681641e+00
-2.238787412643432617e+00
2.123634338378906250e+00
1.721854448318481445e+00
-8.534221649169921875e-01
-2.476933240890502930e+00
-3.305840730667114258e+00
3.753585815429687500e+00
-2.144187688827514648e+00
2.269254475831985474e-01
1.618418931961059570e+00
-3.004451036453247070e+00
-1.342352271080017090e+00
