9.483932256698608398e-01
-4.103987693786621094e+00
-1.141395270824432373e-01
1.781828880310058594e+00
-3.080101966857910156e+00
8.776305913925170898e-01
4.120926856994628906e+00
-2.195819377899169922e+00
1.529606342315673828e+00
-6.680731475353240967e-02
1.652137786149978638e-01
4.320343494415283203e+00
1.904225349426269531e+00
1.057656049728393555e+00
2.103568315505981445e+00
-4.028359055519104004e-01
-1.776646614074707031e+00
-2.133246660232543945e+00
7.875677943229675293e-02
3.804456472396850586e+00
-4.514834880828857422e+00
-1.822264075279235840e+00
4.529091358184814453e+00
-2.951426029205322266e+00
-5.693892240524291992e-01
4.484918117523193359e+00
-2.432766914367675781e+00
-1.213018655776977539e+00
-7.645534873008728027e-01
4.057428836822509766e+00
