-3.480025529861450195e+00
6.151723861694335938e-01
1.137289524078369141e+00
4.462379455566406250e+00
3.424284219741821289e+00
-7.446736097335815430e-01
-8.468663096427917480e-01
-4.823450088500976562e+00
1.507107853889465332e+00
2.614015579223632812e+00
2.890210866928100586e+00
-1.268348097801208496e-01
-3.081595897674560547e+00
4.038421630859375000e+00
4.825705528259277344e+00
-3.756407022476196289e+00
-2.516223430633544922e+00
-1.327824115753173828e+00
2.075849771499633789e+00
3.384274959564208984e+00
2.396068334579467773e+00
-3.809252023696899414e+00
4.824112892150878906e+00
-4.333256185054779053e-01
4.109958171844482422e+00
-2.047407150268554688e+00
7.041155695915222168e-01
-2.117056369781494141e+00
9.097316265106201172e-01
-2.077039957046508789e+00
