-1.533515214920043945e+00
2.180721282958984375e+00
2.667917013168334961e+00
-4.836841106414794922e+00
-3.482284069061279297e+00
3.982529878616333008e+00
6.428411602973937988e-01
-4.347176551818847656e+00
3.631968975067138672e+00
-2.527981996536254883e+00
-3.244562864303588867e+00
-1.447712302207946777e+00
4.359823226928710938e+00
1.995686173439025879e+00
-4.239750385284423828e+00
-2.232130050659179688e+00
-1.126275539398193359e+00
1.600812673568725586e+00
-4.089003562927246094e+00
-1.802175879478454590e+00
3.039855241775512695e+00
1.107979416847229004e+00
-4.921439647674560547e+00
-3.731964349746704102e+00
2.773886203765869141e+00
2.760666608810424805e-01
2.115153551101684570e+00
1.654625058174133301e+00
5.606229901313781738e-01
-3.922632694244384766e+00
