-6.148088574409484863e-01
-7.084484696388244629e-01
2.857717037200927734e+00
1.176805973052978516e+00
7.873339653015136719e-01
-4.686796665191650391e+00
3.929442405700683594e+00
2.916928291320800781e+00
4.952749252319335938e+00
-6.279077529907226562e-01
-2.624620676040649414e+00
-3.533268213272094727e+00
3.439630985260009766e+00
-4.704771041870117188e+00
7.489432096481323242e-01
4.985684394836425781e+00
8.003994822502136230e-01
-4.738949298858642578e+00
3.387696027755737305e+00
2.105529546737670898e+00
3.008430480957031250e+00
-2.613467931747436523e+00
1.827050447463989258e+00
3.774564743041992188e+00
-1.567455410957336426e+00
3.313598394393920898e+00
-5.157866477966308594e-01
-2.500356912612915039e+00
-4.716537594795227051e-01
4.082949638366699219e+00
