2.465114116668701172e+00
-5.141369700431823730e-01
3.016454458236694336e+00
2.583585500717163086e+00
-4.042692661285400391e+00
-4.079548835754394531e+00
-4.646989822387695312e+00
-4.859566986560821533e-01
-1.169190406799316406e+00
-4.985120773315429688e+00
-1.268688917160034180e+00
-2.276959896087646484e+00
-4.439895153045654297e+00
-1.591009020805358887e+00
-2.676614999771118164e+00
4.688977718353271484e+00
-3.050719797611236572e-01
-4.436877250671386719e+00
4.753262042999267578e+00
3.569142818450927734e+00
4.032960414886474609e+00
-1.349502086639404297e+00
-8.513690531253814697e-02
2.012066394090652466e-01
2.224606037139892578e+00
2.930458068847656250e+00
3.663085460662841797e+00
-3.933145761489868164e+00
-3.277090311050415039e+00
-1.869957327842712402e+00
