4.067819118499755859e+00
-5.335430502891540527e-01
-4.910686492919921875e+00
-1.913357734680175781e+00
4.956007003784179688e+00
-3.814034700393676758e+00
4.247579097747802734e+00
-5.164059996604919434e-01
-6.819883584976196289e-01
-3.831907033920288086e+00
-3.060755252838134766e+00
2.309538364410400391e+00
-8.110992312431335449e-01
-2.953340291976928711e+00
-3.019000530242919922e+00
1.356601953506469727e+00
-3.845337390899658203e+00
3.494524002075195312e+00
-3.805734395980834961e+00
3.787659883499145508e+00
3.515330076217651367e+00
-2.669356107711791992e+00
-2.634175300598144531e+00
1.245900034904479980e+00
-2.686968088150024414e+00
3.445271015167236328e+00
4.447299003601074219e+00
1.359982013702392578e+00
-2.554796934127807617e+00
6.295445561408996582e-01
