-2.810788869857788086e+00
2.691171169281005859e+00
-9.770819544792175293e-01
-2.818134307861328125e+00
-2.546974658966064453e+00
1.882362246513366699e+00
4.450941085815429688e-01
-2.782220125198364258e+00
-3.571747303009033203e+00
4.251541614532470703e+00
3.786597251892089844e+00
-1.056105375289916992e+00
3.494847059249877930e+00
-2.050694942474365234e+00
4.611692905426025391e+00
3.064926147460937500e+00
2.990764141082763672e+00
-4.339363098144531250e+00
-2.247992753982543945e+00
-8.150190711021423340e-01
4.947836875915527344e+00
-2.671794652938842773e+00
2.032132863998413086e+00
-1.857794761657714844e+00
4.758385568857192993e-02
2.423178672790527344e+00
9.654864072799682617e-01
-1.549100875854492188e+00
4.171440124511718750e+00
-2.153652906417846680e+00
