-2.593447446823120117e+00
-2.700476646423339844e+00
-8.950313329696655273e-01
4.491003036499023438e+00
-1.641876816749572754e+00
2.304853439331054688e+00
-3.453662395477294922e+00
-3.003688573837280273e+00
1.249215126037597656e+00
2.939635276794433594e+00
2.233635187149047852e+00
6.938368082046508789e-01
4.057333469390869141e+00
-3.716755628585815430e+00
2.534210681915283203e+00
1.761028289794921875e+00
3.556833028793334961e+00
2.146842002868652344e+00
-1.609960556030273438e+00
-1.172078371047973633e+00
9.280833005905151367e-01
-2.805028915405273438e+00
1.763499975204467773e+00
2.374713659286499023e+00
4.784823894500732422e+00
2.282087802886962891e+00
2.229232639074325562e-01
-3.602531433105468750e+00
-3.689311027526855469e+00
-9.486658573150634766e-01
