-4.619745254516601562e+00
-3.638498783111572266e+00
-2.309065103530883789e+00
-2.487585067749023438e+00
-2.165463924407958984e+00
1.538709521293640137e+00
2.087602376937866211e+00
4.205011427402496338e-01
4.024393558502197266e+00
1.982276082038879395e+00
3.884643077850341797e+00
3.390172243118286133e+00
3.769085645675659180e+00
-4.405668258666992188e+00
4.749109745025634766e+00
-2.221266746520996094e+00
1.637498378753662109e+00
-4.628456115722656250e+00
2.950720787048339844e-01
-6.371507644653320312e-01
-1.798794627189636230e+00
-3.496853828430175781e+00
1.984113216400146484e+00
-3.368775844573974609e+00
-4.780880451202392578e+00
2.758162260055541992e+00
-3.366478204727172852e+00
-1.040919899940490723e+00
2.245123624801635742e+00
2.998580217361450195e+00
