-4.777465820312500000e+00
-1.321098327636718750e+00
2.644384205341339111e-01
-2.195381820201873779e-01
-2.524737119674682617e+00
-7.689083218574523926e-01
8.066020607948303223e-01
4.677045047283172607e-01
-1.523322939872741699e+00
-3.536858260631561279e-01
-1.422171711921691895e+00
3.775250911712646484e+00
1.503256082534790039e+00
-3.164517164230346680e+00
-2.993548393249511719e+00
1.600990533828735352e+00
7.818515598773956299e-02
4.429549694061279297e+00
-4.915960311889648438e+00
-2.036818981170654297e+00
2.758136987686157227e-01
2.665926218032836914e+00
-4.835410118103027344e+00
-4.968485355377197266e+00
5.628009513020515442e-02
-2.420643568038940430e+00
-2.277015209197998047e+00
2.465500354766845703e+00
3.270388126373291016e+00
-1.051477670669555664e+00
