-3.201808452606201172e+00
1.063218116760253906e+00
1.187203764915466309e+00
1.074408650398254395e+00
7.744777798652648926e-01
-2.003533124923706055e+00
-3.982162952423095703e+00
-2.833607196807861328e+00
-2.757355451583862305e+00
4.410230159759521484e+00
-1.820314049720764160e+00
-3.493040561676025391e+00
3.954271554946899414e+00
-4.676233291625976562e+00
6.594535112380981445e-01
5.938082337379455566e-01
-3.227433919906616211e+00
-4.092532634735107422e+00
-4.684196710586547852e-01
-2.432026565074920654e-01
-4.181264877319335938e+00
1.443087935447692871e+00
4.479820728302001953e+00
-1.808247447013854980e+00
4.215251445770263672e+00
-3.048771381378173828e+00
2.355409622192382812e+00
4.806367874145507812e+00
4.519198536872863770e-01
1.316127777099609375e+00
