1.722670793533325195e+00
-1.291338562965393066e+00
-3.500790119171142578e+00
1.032202243804931641e+00
3.859912395477294922e+00
-4.601506710052490234e+00
-1.808952689170837402e+00
3.607846975326538086e+00
1.042343616485595703e+00
6.730235219001770020e-01
4.374653816223144531e+00
-2.251858711242675781e+00
-4.074565887451171875e+00
7.095566391944885254e-01
2.346341371536254883e+00
7.989361286163330078e-01
4.900658130645751953e+00
1.643189668655395508e+00
-1.511198163032531738e+00
4.520784378051757812e+00
2.378157377243041992e+00
-3.160807609558105469e+00
2.647305250167846680e+00
-2.712730884552001953e+00
-4.728344440460205078e+00
4.935227394104003906e+00
-4.128468036651611328e+00
3.652303695678710938e+00
4.451572418212890625e+00
-4.892208099365234375e+00
