-1.389342308044433594e+00
-1.789740473031997681e-01
-3.298951387405395508e+00
-4.415226936340332031e+00
3.518882513046264648e+00
-7.391371726989746094e-01
7.883748412132263184e-02
3.084670066833496094e+00
3.063434362411499023e+00
4.084986209869384766e+00
-4.762252330780029297e+00
-4.242032766342163086e-01
2.880944728851318359e+00
-4.030780792236328125e+00
-3.930583953857421875e+00
-2.701796531677246094e+00
-2.088073492050170898e+00
2.101371526718139648e+00
-4.248333930969238281e+00
4.214710235595703125e+00
3.368079185485839844e+00
4.259111881256103516e+00
4.032944679260253906e+00
4.815941751003265381e-01
-2.403536081314086914e+00
-4.969044208526611328e+00
-4.564610958099365234e+00
4.177537918090820312e+00
9.514849781990051270e-01
4.505341053009033203e+00
