2.854242324829101562e+00
-3.256965637207031250e+00
4.349891662597656250e+00
-1.478760719299316406e+00
-2.888456821441650391e+00
1.186054468154907227e+00
3.313827991485595703e+00
-2.096779346466064453e+00
4.055707931518554688e+00
-2.294287919998168945e+00
8.605576753616333008e-01
-4.445186138153076172e+00
-4.943963527679443359e+00
3.289310216903686523e+00
-4.538572788238525391e+00
-1.606616377830505371e-01
2.639679193496704102e+00
4.146997928619384766e+00
1.060099601745605469e+00
-4.710449695587158203e+00
1.244788765907287598e+00
4.281812191009521484e+00
-1.012097716331481934e+00
4.121842861175537109e+00
3.128603696823120117e+00
1.457022428512573242e+00
-2.200488090515136719e+00
7.436409592628479004e-01
3.354937553405761719e+00
-2.399366140365600586e+00
