2.722406387329101562e+00
-3.384049892425537109e+00
-1.655114054679870605e+00
5.332117676734924316e-01
3.423115968704223633e+00
-4.580554068088531494e-01
-6.870495080947875977e-01
-1.585958600044250488e+00
-2.776942253112792969e+00
-1.077408194541931152e+00
-3.451571941375732422e+00
-4.470154285430908203e+00
1.608189225196838379e+00
-4.704409122467041016e+00
4.747699260711669922e+00
3.149727106094360352e+00
-4.138040542602539062e+00
-8.626184463500976562e-01
-2.280915260314941406e+00
-3.876087427139282227e+00
4.178143024444580078e+00
3.704323247075080872e-02
2.051357746124267578e+00
-3.096365928649902344e+00
1.005172967910766602e+00
-1.120738267898559570e+00
3.303306341171264648e+00
4.083026885986328125e+00
1.717455029487609863e+00
-1.751797080039978027e+00
