7.816640138626098633e-01
-8.586164116859436035e-01
1.367884635925292969e+00
-1.345784783363342285e+00
4.380802214145660400e-01
-9.268468022346496582e-01
1.060518503189086914e+00
-1.095323204994201660e+00
-1.408728957176208496e+00
1.417023897171020508e+00
-6.610814332962036133e-01
-6.779012680053710938e-01
-1.431419014930725098e+00
1.383443951606750488e+00
-5.310775637626647949e-01
2.533265650272369385e-01
4.590351581573486328e-01
1.812136769294738770e-01
-1.277893632650375366e-01
9.443659782409667969e-01
-6.688767671585083008e-02
9.437087178230285645e-02
-1.010652542114257812e+00
1.411870956420898438e+00
-1.365325570106506348e+00
5.943024754524230957e-01
-2.775883376598358154e-01
-1.401129961013793945e+00
1.592056602239608765e-01
1.295862078666687012e+00
