7.909917831420898438e-01
-7.455157637596130371e-01
1.045498490333557129e+00
-5.003001689910888672e-01
4.166832923889160156e+00
-1.459460735321044922e+00
4.188388824462890625e+00
1.155311465263366699e+00
5.083005130290985107e-02
-3.641669034957885742e+00
-1.466900110244750977e+00
1.420744657516479492e+00
4.181868076324462891e+00
4.153231143951416016e+00
1.478318572044372559e+00
-7.920976877212524414e-01
-4.069812774658203125e+00
-1.333942860364913940e-01
-2.158342123031616211e+00
4.271226406097412109e+00
1.975131630897521973e+00
-1.284337192773818970e-01
-1.276265859603881836e+00
4.200904846191406250e+00
4.137572288513183594e+00
-6.620607376098632812e-01
9.239817857742309570e-01
3.980264663696289062e+00
-5.420651435852050781e-01
-4.139357089996337891e+00
