-6.472368836402893066e-01
1.473407745361328125e+00
-1.560660600662231445e+00
-1.505815029144287109e+00
-4.015237390995025635e-01
-7.474532723426818848e-01
1.502450704574584961e+00
1.547767996788024902e+00
7.296729087829589844e-01
-5.428406000137329102e-01
-1.645681023597717285e+00
-1.507309377193450928e-01
1.399868369102478027e+00
6.216682195663452148e-01
1.528214454650878906e+00
-1.364826709032058716e-01
-1.521151781082153320e+00
1.422638773918151855e+00
1.614563345909118652e+00
-1.558351755142211914e+00
1.558230400085449219e+00
1.578063726425170898e+00
1.535328030586242676e+00
-1.492421627044677734e+00
-1.559002161026000977e+00
1.080213427543640137e+00
6.104919314384460449e-01
-1.602659106254577637e+00
-1.339027285575866699e+00
5.117632150650024414e-01
