1.688139677047729492e+00
2.199615001678466797e+00
2.010355234146118164e+00
-1.672925591468811035e+00
2.358230352401733398e+00
1.536119937896728516e+00
-1.046442747116088867e+00
2.315372467041015625e+00
-2.392681360244750977e+00
1.862251907587051392e-01
-2.441639184951782227e+00
7.551411986351013184e-01
-1.645443201065063477e+00
2.365247249603271484e+00
2.412035226821899414e+00
2.362022876739501953e+00
-7.995658516883850098e-01
2.341945171356201172e+00
2.123998403549194336e+00
2.349159479141235352e+00
1.970315128564834595e-01
2.245566606521606445e+00
1.344444632530212402e+00
1.458882451057434082e+00
-2.397014617919921875e+00
1.836003422737121582e+00
-2.377356052398681641e+00
6.300962716341018677e-02
-2.429649353027343750e+00
-1.170964837074279785e+00
