2.015646219253540039e+00
3.584351241588592529e-01
1.126699447631835938e-01
1.402544856071472168e+00
7.492266893386840820e-01
2.879653573036193848e-01
2.106112480163574219e+00
1.316136240959167480e+00
1.882107496261596680e+00
1.207870364189147949e+00
2.111468315124511719e+00
4.399807751178741455e-01
1.878810524940490723e-01
-9.074946492910385132e-02
-1.864684700965881348e+00
-2.010943174362182617e+00
-8.847491145133972168e-01
2.123924493789672852e+00
1.086956381797790527e+00
-7.463360428810119629e-01
1.413938641548156738e+00
2.113104343414306641e+00
1.770833730697631836e+00
1.880566358566284180e+00
3.697745800018310547e-01
-1.598767042160034180e+00
-1.795323371887207031e+00
4.842178225517272949e-01
-1.537311911582946777e+00
3.561960458755493164e-01
