-3.879608631134033203e+00
-3.033570945262908936e-01
4.075204849243164062e+00
-1.697808384895324707e+00
3.000669479370117188e+00
-3.998462200164794922e+00
3.716020107269287109e+00
-2.161764383316040039e+00
-6.851248145103454590e-01
1.152797460556030273e+00
-4.018104553222656250e+00
1.925397276878356934e+00
5.716724991798400879e-01
1.869901418685913086e+00
3.195541858673095703e+00
-1.892338871955871582e+00
-3.238720893859863281e+00
-1.055002331733703613e+00
-1.817807741463184357e-02
-3.973469257354736328e+00
1.324432492256164551e-01
3.894388198852539062e+00
-4.039112567901611328e+00
1.643810153007507324e+00
3.885622501373291016e+00
-1.848067283630371094e+00
-3.608466148376464844e+00
3.504842996597290039e+00
3.711069345474243164e+00
1.636332988739013672e+00
