4.729041576385498047e+00
3.233358383178710938e+00
2.239409834146499634e-01
-2.987777233123779297e+00
-3.537544012069702148e+00
-2.840310811996459961e+00
4.491860866546630859e+00
-3.238942623138427734e+00
2.549617767333984375e+00
1.975249648094177246e+00
-4.576379299163818359e+00
-3.983888864517211914e+00
3.042840957641601562e-01
-4.076841354370117188e+00
1.484155297279357910e+00
2.375878810882568359e+00
4.604248046875000000e+00
7.886418104171752930e-01
-1.358438968658447266e+00
-4.428832530975341797e+00
1.599020957946777344e+00
2.189581632614135742e+00
2.311473846435546875e+00
-1.498072147369384766e+00
-3.028600454330444336e+00
-1.378335833549499512e+00
2.716388463973999023e+00
2.913128376007080078e+00
9.351362586021423340e-01
-3.486705541610717773e+00
