-2.855643033981323242e+00
-3.125026941299438477e+00
-3.071772098541259766e+00
-2.245763063430786133e+00
3.093010425567626953e+00
-2.186089038848876953e+00
1.683353066444396973e+00
-2.470209121704101562e+00
2.837073802947998047e+00
1.418818950653076172e+00
-3.001994848251342773e+00
3.082805633544921875e+00
-1.855326414108276367e+00
2.785453796386718750e+00
3.147796869277954102e+00
2.502799034118652344e+00
-2.123951435089111328e+00
3.139423608779907227e+00
-2.952613115310668945e+00
8.507773280143737793e-01
-3.353264033794403076e-01
-1.638337016105651855e+00
1.886420488357543945e+00
-3.030243635177612305e+00
-2.285767793655395508e-01
2.392717599868774414e+00
-2.377492189407348633e+00
-2.094380408525466919e-01
3.154682874679565430e+00
-2.769326686859130859e+00
