3.858134508132934570e+00
3.939748048782348633e+00
-1.315240383148193359e+00
1.882023096084594727e+00
1.047470450401306152e+00
-9.154840707778930664e-01
-3.502151727676391602e+00
1.353405117988586426e+00
1.754554361104965210e-01
7.991716861724853516e-01
2.946816682815551758e+00
3.545085191726684570e+00
-3.687303304672241211e+00
2.900269746780395508e+00
-2.556679546833038330e-01
2.828500568866729736e-01
-1.202713847160339355e+00
-3.498458623886108398e+00
-2.015851497650146484e+00
3.990060329437255859e+00
4.153550863265991211e-01
-1.573274284601211548e-01
-9.280282855033874512e-01
9.584069848060607910e-01
-3.146614074707031250e+00
-3.755044460296630859e+00
3.831264495849609375e+00
4.303609430789947510e-01
3.986718177795410156e+00
4.035959720611572266e+00
