-1.262655019760131836e+00
-1.155606508255004883e+00
4.210948348045349121e-01
-2.509292066097259521e-01
1.405384987592697144e-01
-1.322581410408020020e+00
-8.856776356697082520e-01
1.082530021667480469e+00
1.069975614547729492e+00
-1.205520987510681152e+00
1.433995485305786133e+00
-1.447516679763793945e+00
-1.426786422729492188e+00
1.144328564405441284e-01
5.519365668296813965e-01
-1.198894739151000977e+00
-5.959155559539794922e-01
-1.099420785903930664e+00
-1.205583214759826660e+00
-1.488035559654235840e+00
-1.540941476821899414e+00
4.808602929115295410e-01
-1.084258317947387695e+00
-1.465215921401977539e+00
8.079103231430053711e-01
-1.258844733238220215e+00
-1.149113997817039490e-01
-1.695266067981719971e-01
1.486195206642150879e+00
-1.433791518211364746e+00
