-6.321480870246887207e-01
-8.242558240890502930e-01
1.268185019493103027e+00
-1.206075906753540039e+00
1.255219280719757080e-01
-1.578477025032043457e-01
-1.053766965866088867e+00
1.154083013534545898e+00
-1.019822716712951660e+00
1.016440987586975098e+00
4.946951866149902344e-01
-1.356043100357055664e+00
1.008145332336425781e+00
3.778581321239471436e-01
1.257091760635375977e+00
-1.372145295143127441e+00
1.386892080307006836e+00
-5.644601583480834961e-01
1.266920447349548340e+00
1.144027948379516602e+00
-1.254833936691284180e+00
6.285426020622253418e-01
4.519250094890594482e-01
1.356658697128295898e+00
1.385069489479064941e+00
-1.296409130096435547e+00
1.152884364128112793e+00
-4.012778103351593018e-01
1.114804863929748535e+00
4.403421282768249512e-01
