2.391141653060913086e+00
1.785356253385543823e-01
-6.064790487289428711e-01
-1.810062080621719360e-01
-2.930004596710205078e+00
2.373454809188842773e+00
-2.859220743179321289e+00
1.818716287612915039e+00
-9.429712891578674316e-01
-2.966560840606689453e+00
2.939322233200073242e+00
2.551352977752685547e+00
-3.373019993305206299e-01
2.204061269760131836e+00
2.512854099273681641e+00
1.901125788688659668e+00
2.952997446060180664e+00
-2.752660989761352539e+00
-2.631562471389770508e+00
-5.716089010238647461e-01
2.948724985122680664e+00
-5.590732693672180176e-01
1.642629027366638184e+00
-2.747874736785888672e+00
2.870317935943603516e+00
-2.747633457183837891e+00
-2.568290472030639648e+00
2.879226922988891602e+00
8.766679167747497559e-01
2.896153926849365234e+00
