1.356965899467468262e+00
-2.074321746826171875e+00
2.540365159511566162e-01
2.040974378585815430e+00
-1.863956570625305176e+00
-1.660098075866699219e+00
-1.516610383987426758e+00
9.915680885314941406e-01
2.047719478607177734e+00
-1.087594985961914062e+00
2.068266153335571289e+00
-1.194836735725402832e+00
-1.824259281158447266e+00
-3.442347943782806396e-01
-1.120982766151428223e+00
-1.621689558029174805e+00
2.039085388183593750e+00
-7.857477068901062012e-01
1.354127168655395508e+00
2.051859855651855469e+00
-1.186532974243164062e+00
-6.049847006797790527e-01
-1.804002761840820312e+00
-2.016438245773315430e+00
1.155606150627136230e+00
-4.333681166172027588e-01
1.232326745986938477e+00
-2.079590082168579102e+00
-1.838520884513854980e+00
-1.576641201972961426e+00
