1.834831357002258301e+00
1.483063459396362305e+00
3.559857130050659180e+00
-2.037536859512329102e+00
4.302029132843017578e+00
4.629056930541992188e+00
-4.732585847377777100e-01
-1.540284324437379837e-02
-4.685463428497314453e+00
4.635957717895507812e+00
-1.642491459846496582e+00
-2.998552322387695312e+00
4.654521465301513672e+00
-4.615845203399658203e+00
4.065929412841796875e+00
-4.578414440155029297e+00
3.468538045883178711e+00
-4.176182270050048828e+00
-7.932860255241394043e-01
2.031517505645751953e+00
-2.003915071487426758e+00
4.360782623291015625e+00
-1.785182237625122070e+00
-2.310731410980224609e+00
3.032686233520507812e+00
3.949785947799682617e+00
-3.396130323410034180e+00
3.630362749099731445e+00
4.584527015686035156e+00
-6.201137900352478027e-01
