-2.116766214370727539e+00
1.321505069732666016e+00
-1.204642176628112793e+00
-9.769510626792907715e-01
-2.259959697723388672e+00
-2.269222021102905273e+00
-9.473705887794494629e-01
8.476449251174926758e-01
-1.814092755317687988e+00
2.224175214767456055e+00
2.356546372175216675e-01
1.546621918678283691e+00
-2.225968599319458008e+00
-2.154159545898437500e+00
-2.315140247344970703e+00
-1.804685711860656738e+00
-1.444156885147094727e+00
-2.141125917434692383e+00
1.092244982719421387e+00
1.506449729204177856e-01
-2.321221828460693359e+00
2.160269260406494141e+00
2.241834402084350586e+00
1.301695823669433594e+00
1.786219120025634766e+00
-2.079003810882568359e+00
1.633294939994812012e+00
-2.355844497680664062e+00
2.032180070877075195e+00
-1.002247557044029236e-01
