-1.223286151885986328e+00
1.496580362319946289e+00
2.589325666427612305e+00
-1.869802325963973999e-01
-2.364794015884399414e+00
-1.688048392534255981e-01
-2.615396022796630859e+00
-2.437709808349609375e+00
2.593912363052368164e+00
-2.492515802383422852e+00
-2.316389322280883789e+00
-1.899000167846679688e+00
2.266055107116699219e+00
-2.236873149871826172e+00
-9.830600023269653320e-01
1.845087647438049316e+00
-1.191889286041259766e+00
-1.684310555458068848e+00
2.042461872100830078e+00
9.465169906616210938e-01
1.514212369918823242e+00
2.492374897003173828e+00
-2.537288904190063477e+00
-2.567968845367431641e+00
1.225815653800964355e+00
-2.376538753509521484e+00
-2.049608230590820312e+00
6.670432686805725098e-01
2.619882822036743164e+00
9.646649956703186035e-01
