1.269211292266845703e+00
-1.351176738739013672e+00
1.916837990283966064e-01
1.001052856445312500e+00
1.418705940246582031e+00
8.407199382781982422e-01
-9.594950079917907715e-01
1.352894306182861328e+00
6.626126766204833984e-01
-9.845163226127624512e-01
1.439119219779968262e+00
1.146000146865844727e+00
-3.127614557743072510e-01
-3.629100024700164795e-01
3.815782442688941956e-02
2.368966490030288696e-01
2.303293198347091675e-01
4.146532416343688965e-01
1.151672482490539551e+00
7.201536297798156738e-01
9.116498827934265137e-01
1.419196248054504395e+00
-1.049810647964477539e+00
3.019133210182189941e-01
4.664165973663330078e-01
8.009967803955078125e-01
8.283351063728332520e-01
-1.463178753852844238e+00
1.296664834022521973e+00
2.859862148761749268e-01
