-2.995603561401367188e+00
3.035044193267822266e+00
3.141143321990966797e+00
3.074320793151855469e+00
-2.992596626281738281e-01
2.677858829498291016e+00
2.900993108749389648e+00
-2.107470512390136719e+00
3.160711288452148438e+00
-7.018265724182128906e-01
-2.319517374038696289e+00
8.873696327209472656e-01
1.710600256919860840e+00
-7.411113977432250977e-01
1.947168111801147461e+00
2.460715532302856445e+00
-1.374900579452514648e+00
1.583574175834655762e+00
-2.571200609207153320e+00
-1.258117794990539551e+00
-1.113867402076721191e+00
-3.055246353149414062e+00
2.778646707534790039e+00
2.585494518280029297e+00
-1.721486687660217285e+00
2.321845054626464844e+00
-7.670009732246398926e-01
3.103765010833740234e+00
-2.988840341567993164e+00
-1.804223656654357910e+00
