-4.274281024932861328e+00
3.482751369476318359e+00
-4.552153110504150391e+00
4.120131015777587891e+00
-4.554515361785888672e+00
-2.595146417617797852e+00
1.215569853782653809e+00
3.730738401412963867e+00
2.000005722045898438e+00
4.602474689483642578e+00
-4.602202415466308594e+00
-4.322368144989013672e+00
2.296468019485473633e+00
1.827303886413574219e+00
-4.549972057342529297e+00
1.363185942173004150e-01
-4.436095714569091797e+00
7.470449805259704590e-01
4.402191638946533203e+00
4.627037048339843750e+00
-2.652682781219482422e+00
3.249074220657348633e+00
7.136024832725524902e-01
-3.092733383178710938e+00
-4.587141513824462891e+00
-3.609350919723510742e+00
-4.164150714874267578e+00
1.710948228836059570e+00
1.917904973030090332e+00
-4.353151798248291016e+00
