2.358886957168579102e+00
2.364105939865112305e+00
-7.788563370704650879e-01
7.462022453546524048e-02
-1.368208289146423340e+00
1.376687765121459961e+00
7.814739942550659180e-01
-1.277538299560546875e+00
-2.273863554000854492e+00
2.315387964248657227e+00
4.364757835865020752e-01
-2.336199522018432617e+00
1.269268155097961426e+00
-7.649131417274475098e-01
-1.012676596641540527e+00
8.411002904176712036e-02
-2.287186622619628906e+00
-2.390338420867919922e+00
1.121260404586791992e+00
-5.686554908752441406e-01
1.829233765602111816e+00
-5.681125521659851074e-01
-4.175903797149658203e-01
2.014814376831054688e+00
-8.002134561538696289e-01
2.406968355178833008e+00
-1.739649295806884766e+00
-1.878266572952270508e+00
1.904622554779052734e+00
-1.674861311912536621e+00
