3.583608150482177734e+00
-3.259392976760864258e+00
-3.997611522674560547e+00
2.216753482818603516e+00
2.935623824596405029e-01
4.048264026641845703e+00
-3.905750274658203125e+00
3.591612100601196289e+00
-3.788742303848266602e+00
-1.237047791481018066e+00
-2.949421167373657227e+00
-3.589714527130126953e+00
2.994209527969360352e+00
6.850718259811401367e-01
-1.351802468299865723e+00
-2.775757789611816406e+00
3.956671714782714844e+00
-1.865340948104858398e+00
3.410486936569213867e+00
-1.970602989196777344e+00
-1.990089774131774902e+00
-4.007994651794433594e+00
-8.794084191322326660e-01
-3.796211481094360352e+00
-1.368400335311889648e+00
1.762856125831604004e+00
-2.584841966629028320e+00
-1.104808926582336426e+00
5.957737565040588379e-01
4.060415744781494141e+00
