1.335124254226684570e+00
-3.988612890243530273e+00
-3.133831262588500977e+00
3.912559986114501953e+00
2.109982013702392578e+00
4.332418441772460938e+00
1.816099137067794800e-01
4.634233951568603516e+00
-4.581865787506103516e+00
-4.646343708038330078e+00
1.794209241867065430e+00
3.145981073379516602e+00
4.259753227233886719e+00
3.381736278533935547e+00
-4.639976978302001953e+00
-2.948558807373046875e+00
3.558689832687377930e+00
2.626194715499877930e+00
3.601048707962036133e+00
4.656609058380126953e+00
2.157757520675659180e+00
3.395206630229949951e-01
3.044352293014526367e+00
-2.069480895996093750e+00
3.430071592330932617e+00
-6.036421656608581543e-01
4.076147556304931641e+00
2.437772035598754883e+00
2.165422916412353516e+00
3.186444640159606934e-01
