-3.692293167114257812e+00
3.665978670120239258e+00
-2.737349510192871094e+00
1.943197011947631836e+00
-1.090557813644409180e+00
-2.160746097564697266e+00
-1.467155814170837402e-01
1.773892879486083984e+00
-1.370493888854980469e+00
7.481912523508071899e-02
-1.180477023124694824e+00
3.241117298603057861e-01
3.724281311035156250e+00
3.402544975280761719e+00
3.419040679931640625e+00
-3.502966403961181641e+00
-1.237889051437377930e+00
2.552445173263549805e+00
-3.705092668533325195e+00
2.334994792938232422e+00
1.777924418449401855e+00
3.594812750816345215e-01
-3.422262668609619141e+00
-3.002242803573608398e+00
-4.220844060182571411e-02
1.317883133888244629e+00
6.776012778282165527e-01
-7.691644430160522461e-01
-3.716825246810913086e+00
-2.586391210556030273e+00
