4.683181762695312500e+00
-1.637455344200134277e+00
4.251771450042724609e+00
3.968048334121704102e+00
2.305978775024414062e+00
-4.702127456665039062e+00
-4.069756031036376953e+00
4.194815635681152344e+00
4.669293880462646484e+00
-1.638226866722106934e+00
4.382208347320556641e+00
5.532058477401733398e-01
-1.034458518028259277e+00
-1.010014533996582031e+00
4.799045085906982422e+00
2.923879861831665039e+00
4.528112888336181641e+00
4.149478912353515625e+00
1.505708575248718262e+00
-6.861133575439453125e-01
4.789195060729980469e+00
4.802953243255615234e+00
2.597585916519165039e+00
3.658242225646972656e+00
-3.955578327178955078e+00
-1.461530923843383789e+00
-4.816477775573730469e+00
-4.795674800872802734e+00
-4.687305450439453125e+00
2.836131811141967773e+00
