7.263383269309997559e-01
1.806822061538696289e+00
-2.284710645675659180e+00
-2.246316194534301758e+00
-1.817566394805908203e+00
-2.221415519714355469e+00
-1.993036866188049316e+00
2.223674058914184570e+00
-1.905220866203308105e+00
9.109405279159545898e-01
1.800516128540039062e+00
-9.687852114439010620e-03
-2.078585624694824219e+00
2.319333791732788086e+00
1.466272950172424316e+00
-2.121233224868774414e+00
-1.223655343055725098e+00
-1.951393008232116699e+00
-1.450192809104919434e+00
-2.258406877517700195e+00
2.222227811813354492e+00
-1.816768884658813477e+00
-1.447900414466857910e+00
-3.890061974525451660e-01
1.442930698394775391e-01
1.717787683010101318e-01
1.647913455963134766e+00
-2.265161991119384766e+00
-1.442902326583862305e+00
-1.469033122062683105e+00
