-4.264663159847259521e-02
-3.207588434219360352e+00
7.692976593971252441e-01
-9.754636287689208984e-01
9.890027046203613281e-01
1.490246772766113281e+00
2.627668380737304688e+00
-2.487339019775390625e+00
-8.795688748359680176e-01
-3.498950004577636719e-01
2.746984243392944336e+00
-3.213216066360473633e+00
-3.189050197601318359e+00
-2.423831939697265625e+00
-3.056037902832031250e+00
2.902604579925537109e+00
2.517879009246826172e+00
-8.544774055480957031e-01
-1.322846412658691406e+00
-2.573934793472290039e+00
-3.105233669281005859e+00
-1.516715168952941895e+00
1.059240698814392090e+00
-3.190025806427001953e+00
-3.144664525985717773e+00
1.585873961448669434e+00
2.774843931198120117e+00
1.933005332946777344e+00
-5.984348058700561523e-01
-3.152662992477416992e+00
