-3.726454019546508789e+00
-1.579631567001342773e+00
-3.309672832489013672e+00
4.060805320739746094e+00
-3.875070571899414062e+00
1.792063266038894653e-01
2.332205295562744141e+00
-4.711682498455047607e-01
4.919016361236572266e+00
1.301327228546142578e+00
4.560008525848388672e+00
4.923629760742187500e+00
-4.749779701232910156e+00
4.147599220275878906e+00
-3.702498912811279297e+00
-1.650755763053894043e+00
-4.648492336273193359e+00
-3.451729536056518555e+00
-4.429161071777343750e+00
3.292802572250366211e+00
-1.346649080514907837e-01
4.792784690856933594e+00
2.911927223205566406e+00
-6.535096168518066406e-01
-3.008516132831573486e-01
-4.567834377288818359e+00
4.281769752502441406e+00
-7.287828922271728516e-01
4.184771537780761719e+00
-2.675598621368408203e+00
