1.146300315856933594e+00
-2.249930500984191895e-01
-3.124223947525024414e+00
-4.622161388397216797e+00
4.410864353179931641e+00
-5.237373337149620056e-02
4.256334781646728516e+00
-4.439048767089843750e+00
2.431322932243347168e-01
3.663170337677001953e+00
1.981274366378784180e+00
-3.969284296035766602e+00
-8.365711569786071777e-01
-4.204834461212158203e+00
4.615048408508300781e+00
-4.721321582794189453e+00
-1.181753396987915039e+00
-2.111748456954956055e+00
3.518930435180664062e+00
1.893410205841064453e+00
4.016569614410400391e+00
4.320726394653320312e+00
3.280118703842163086e+00
-1.869443178176879883e+00
3.812408924102783203e+00
4.745169162750244141e+00
2.701357603073120117e+00
2.166738271713256836e+00
1.260440200567245483e-01
4.664518833160400391e+00
