-2.646200656890869141e-01
-1.786975383758544922e+00
-1.773561954498291016e+00
3.801100254058837891e-01
-2.213530540466308594e-01
-9.549668431282043457e-01
9.355019330978393555e-01
-6.908552050590515137e-01
1.055132865905761719e+00
1.658127427101135254e+00
1.765777111053466797e+00
-1.660757541656494141e+00
-1.876180171966552734e+00
-1.769547343254089355e+00
1.494063138961791992e+00
-6.276759505271911621e-01
-4.925681054592132568e-01
1.970742046833038330e-01
5.871499776840209961e-01
-3.786090388894081116e-02
1.861692786216735840e+00
8.156869411468505859e-01
1.862311840057373047e+00
1.424319863319396973e+00
-1.813145518302917480e+00
3.262749910354614258e-01
5.575811266899108887e-01
-1.179821372032165527e+00
7.153482437133789062e-01
-1.750181317329406738e+00
