4.308384418487548828e+00
-2.764437913894653320e+00
-4.148239135742187500e+00
-4.171893596649169922e+00
-2.003220081329345703e+00
-4.305855751037597656e+00
1.726689934730529785e+00
5.289318561553955078e-01
-4.332836270332336426e-01
-4.128490447998046875e+00
-2.063329935073852539e+00
1.558622002601623535e+00
-3.068380594253540039e+00
1.533711433410644531e+00
2.438273906707763672e+00
1.510346174240112305e+00
-4.066773414611816406e+00
2.310431480407714844e+00
3.789459228515625000e+00
4.060567855834960938e+00
9.868314266204833984e-01
3.092590332031250000e+00
-3.021027803421020508e+00
-4.226694107055664062e+00
-1.605907797813415527e+00
-3.065055370330810547e+00
1.797663927078247070e+00
4.334398746490478516e+00
-3.204826116561889648e+00
9.616262912750244141e-01
