-6.268120408058166504e-01
2.682147264480590820e+00
4.362360477447509766e+00
2.443289995193481445e+00
-1.923790097236633301e+00
-3.687901020050048828e+00
-6.367568969726562500e-01
4.113771438598632812e+00
-2.980806827545166016e+00
4.392123699188232422e+00
3.625486373901367188e+00
3.422150850296020508e+00
-4.355607509613037109e+00
-3.957237243652343750e+00
-6.533253192901611328e-01
-4.004101753234863281e+00
-2.541838288307189941e-01
2.085947245359420776e-01
-1.554630398750305176e+00
-8.677431344985961914e-01
2.308193683624267578e+00
2.423098564147949219e+00
-4.251233100891113281e+00
3.586532354354858398e+00
-3.688713312149047852e+00
9.702834486961364746e-01
-4.930447340011596680e-01
-2.157826662063598633e+00
-4.042656421661376953e+00
4.089471340179443359e+00
