6.324262171983718872e-02
-2.438405007123947144e-01
3.030076742172241211e+00
1.398834586143493652e+00
1.752611637115478516e+00
2.621596574783325195e+00
1.946625590324401855e+00
5.597279071807861328e-01
-2.837951183319091797e+00
1.973824620246887207e+00
2.999234199523925781e+00
-3.169677853584289551e-01
7.947550714015960693e-02
4.362855255603790283e-01
-1.821607828140258789e+00
2.800229072570800781e+00
5.385907292366027832e-01
-1.724976003170013428e-01
2.967565298080444336e+00
-1.231921315193176270e+00
-2.895380496978759766e+00
2.897218465805053711e+00
-1.428671956062316895e+00
-2.740192413330078125e+00
2.728059530258178711e+00
1.801675796508789062e+00
-2.563755750656127930e+00
2.319456934928894043e-01
2.756799221038818359e+00
-2.245489597320556641e+00
