-2.046529799699783325e-01
2.375298023223876953e+00
1.725925087928771973e+00
3.388864040374755859e+00
2.739874839782714844e+00
1.294749021530151367e+00
1.466536242514848709e-02
-2.243420839309692383e+00
-2.220253646373748779e-01
1.311437249183654785e+00
2.661114692687988281e+00
-3.218399763107299805e+00
3.255840063095092773e+00
-3.019044160842895508e+00
3.390066623687744141e+00
-2.157968044281005859e+00
-4.913623332977294922e-01
-3.030768871307373047e+00
-2.397992610931396484e+00
1.464312434196472168e+00
2.171533823013305664e+00
1.726817131042480469e+00
-2.529946565628051758e+00
2.427257776260375977e+00
-1.266375660896301270e+00
3.374620676040649414e+00
2.156489372253417969e+00
-1.692844033241271973e+00
-2.340721368789672852e+00
3.446570873260498047e+00
