1.808333277702331543e+00
-1.341010689735412598e+00
1.190505400300025940e-01
-1.786802887916564941e+00
1.794368982315063477e+00
-1.877606630325317383e+00
7.680703401565551758e-01
-1.658510684967041016e+00
1.865358829498291016e+00
-7.301312088966369629e-01
-1.888530492782592773e+00
-3.825332522392272949e-01
-1.427663803100585938e+00
1.528402686119079590e+00
-1.748116016387939453e+00
1.098075747489929199e+00
-1.839826822280883789e+00
1.157703995704650879e+00
-1.701543807983398438e+00
-1.410564303398132324e+00
1.669852137565612793e+00
-1.897057771682739258e+00
-1.143378853797912598e+00
1.502442479133605957e+00
-1.478209614753723145e+00
1.358540177345275879e+00
7.562108635902404785e-01
1.722016215324401855e+00
1.598932147026062012e+00
-1.004400849342346191e+00
