9.076265692710876465e-01
-8.407306671142578125e-01
1.005845546722412109e+00
2.913532853126525879e-01
-8.958860635757446289e-01
6.633070707321166992e-01
-9.135851263999938965e-01
-3.207040131092071533e-01
-1.041049122810363770e+00
7.323983311653137207e-01
-9.726993441581726074e-01
1.049858808517456055e+00
1.007132530212402344e+00
6.742380857467651367e-01
-1.883587837219238281e-01
-1.003697037696838379e+00
-8.191581368446350098e-01
1.072602391242980957e+00
-7.498147487640380859e-01
-8.792052268981933594e-01
1.057352185249328613e+00
6.988369822502136230e-01
-1.075308442115783691e+00
-5.256850719451904297e-01
1.630381345748901367e-01
-8.098455071449279785e-01
8.186028599739074707e-01
1.061643481254577637e+00
1.024635910987854004e+00
-1.070882678031921387e+00
