1.371980756521224976e-01
-1.175427794456481934e+00
-2.459736913442611694e-01
-1.846588104963302612e-01
8.786483407020568848e-01
-1.309058427810668945e+00
5.606524348258972168e-01
7.919465899467468262e-01
1.438882350921630859e+00
1.512450337409973145e+00
1.177215337753295898e+00
8.398365974426269531e-01
7.059144973754882812e-01
7.180253267288208008e-01
1.610269665718078613e+00
-1.498956680297851562e+00
1.059745788574218750e+00
-1.278315067291259766e+00
1.369848251342773438e+00
1.490816116333007812e+00
-5.595604777336120605e-01
8.740643858909606934e-01
-1.549154520034790039e+00
8.908146023750305176e-01
7.674881219863891602e-01
-1.580818176269531250e+00
1.644853234291076660e+00
-9.858621656894683838e-02
-3.242454230785369873e-01
1.419375419616699219e+00
