2.504245281219482422e+00
-1.145639061927795410e+00
1.096214890480041504e+00
-1.983603835105895996e+00
1.080240964889526367e+00
-2.530466556549072266e+00
1.161515831947326660e+00
2.297975063323974609e+00
-2.516620159149169922e+00
-2.462919235229492188e+00
-1.066771626472473145e+00
-2.541558742523193359e+00
-9.269333630800247192e-02
-1.232046842575073242e+00
-2.563093423843383789e+00
-2.573181629180908203e+00
1.126326560974121094e+00
2.334286212921142578e+00
-1.974707007408142090e+00
-1.877399802207946777e+00
-1.888532280921936035e+00
1.106943368911743164e+00
1.534648299217224121e+00
-2.584298849105834961e+00
1.486721038818359375e+00
-1.778367280960083008e+00
-2.664994597434997559e-01
8.718363046646118164e-01
-1.648005992174148560e-01
5.028159618377685547e-01
