2.896466255187988281e+00
-3.840567111968994141e+00
-2.752390384674072266e+00
-6.313602328300476074e-01
2.090717315673828125e+00
-9.752368927001953125e-01
-2.660086154937744141e+00
2.225464820861816406e+00
-4.062400817871093750e+00
-2.961718797683715820e+00
-1.117010831832885742e+00
2.856275558471679688e+00
-2.124221324920654297e+00
1.618676066398620605e+00
-3.790994882583618164e+00
2.459100484848022461e+00
3.239614248275756836e+00
-2.821497917175292969e+00
-3.493633747100830078e+00
-4.042527198791503906e+00
-1.564094424247741699e+00
2.647469997406005859e+00
-5.276409387588500977e-01
-3.306055545806884766e+00
-3.989187479019165039e+00
1.728845715522766113e+00
-6.545085310935974121e-01
2.701395750045776367e+00
-3.794655084609985352e+00
-3.890009164810180664e+00
