4.115203380584716797e+00
4.121876239776611328e+00
-4.502513706684112549e-01
4.182520866394042969e+00
1.647953033447265625e+00
2.127696990966796875e+00
4.723075866699218750e+00
4.288286209106445312e+00
2.789170026779174805e+00
-1.452029109001159668e+00
1.714793801307678223e+00
-3.443780183792114258e+00
-4.718128204345703125e+00
4.726525783538818359e+00
3.193509101867675781e+00
2.156127430498600006e-02
4.866379737854003906e+00
4.514767169952392578e+00
-3.003136396408081055e+00
4.776357173919677734e+00
7.411085963249206543e-01
-4.770347118377685547e+00
3.981117248535156250e+00
3.456875562667846680e+00
3.280703306198120117e+00
-4.505745887756347656e+00
3.682954311370849609e+00
1.587878704071044922e+00
3.970374584197998047e+00
-4.637971401214599609e+00
