-4.564383924007415771e-01
9.867556095123291016e-01
-4.386159181594848633e-01
-1.336049437522888184e+00
4.986919462680816650e-01
-7.406944036483764648e-01
1.261184215545654297e+00
-9.217848069965839386e-03
1.258051753044128418e+00
-9.967020153999328613e-01
-9.362748824059963226e-03
1.165365695953369141e+00
-1.171881079673767090e+00
-1.092697501182556152e+00
-1.258174419403076172e+00
-2.329988181591033936e-01
-1.383469939231872559e+00
3.849388360977172852e-01
-1.008934617042541504e+00
-1.158737182617187500e+00
1.143037438392639160e+00
1.349125981330871582e+00
1.344578385353088379e+00
-4.601327776908874512e-01
3.353770673274993896e-01
-7.806089520454406738e-01
-8.800047636032104492e-01
-1.310373544692993164e+00
1.366938710212707520e+00
-1.324049830436706543e+00
