-1.140792816877365112e-01
-2.396732568740844727e+00
3.199246644973754883e+00
2.735324621200561523e+00
2.934337139129638672e+00
-2.766393899917602539e+00
-6.484212279319763184e-01
-1.945121645927429199e+00
3.180239200592041016e+00
2.083715915679931641e+00
-3.255918025970458984e+00
-1.396432995796203613e+00
2.641272544860839844e+00
2.229810714721679688e+00
-2.896703958511352539e+00
3.022544622421264648e+00
-6.035298705101013184e-01
-1.114199534058570862e-01
3.142642259597778320e+00
2.877673387527465820e+00
-3.310759544372558594e+00
-6.614583730697631836e-01
1.433148264884948730e+00
1.470151066780090332e+00
-2.183172702789306641e+00
-2.917371034622192383e+00
2.843697547912597656e+00
-2.370042562484741211e+00
-2.376441240310668945e+00
-2.943059682846069336e+00
