-1.065077304840087891e+00
8.389677405357360840e-01
-1.023934364318847656e+00
-2.204745709896087646e-01
-1.064466118812561035e+00
-1.301993608474731445e+00
1.385832671076059341e-02
1.006590843200683594e+00
-1.111522912979125977e+00
1.101224303245544434e+00
3.185967504978179932e-01
9.720826148986816406e-01
1.123563289642333984e+00
3.584921658039093018e-01
4.348788261413574219e-01
-1.302487850189208984e+00
3.857510387897491455e-01
-1.318751096725463867e+00
1.318227648735046387e+00
-6.474786996841430664e-01
-1.277519941329956055e+00
-9.384293556213378906e-01
-1.324710845947265625e+00
1.143654942512512207e+00
1.209012627601623535e+00
5.547292828559875488e-01
-5.470962524414062500e-01
-3.842297494411468506e-01
-9.003629684448242188e-01
-9.279243946075439453e-01
