3.096486806869506836e+00
-3.870327472686767578e+00
3.252273321151733398e+00
1.511673450469970703e+00
-1.695747256278991699e+00
3.229128122329711914e+00
-3.747316837310791016e+00
2.646945238113403320e+00
3.339239358901977539e+00
-2.792778491973876953e+00
-3.957175016403198242e+00
1.477031469345092773e+00
-3.888576030731201172e+00
3.669551610946655273e+00
-1.226890206336975098e+00
1.261192917823791504e+00
3.331733703613281250e+00
-3.623489379882812500e+00
-3.765756845474243164e+00
-1.953630805015563965e+00
-1.596772074699401855e+00
-3.842578172683715820e+00
-3.546345233917236328e+00
3.312164068222045898e+00
3.180812597274780273e+00
-2.963137865066528320e+00
1.597125679254531860e-01
3.889070034027099609e+00
9.388596564531326294e-02
2.715111017227172852e+00
