-4.840048253536224365e-01
4.293232917785644531e+00
-4.508808553218841553e-01
1.275481224060058594e+00
-3.544427871704101562e+00
-4.147137641906738281e+00
-4.178455352783203125e+00
2.500226497650146484e+00
4.138786792755126953e+00
2.485673189163208008e+00
-2.550808429718017578e+00
-2.315621614456176758e+00
3.272356986999511719e+00
4.002372264862060547e+00
-2.390084028244018555e+00
4.524272978305816650e-01
-6.394574046134948730e-01
-3.699563026428222656e+00
-2.718335628509521484e+00
-6.902064085006713867e-01
3.592830896377563477e+00
-3.483362674713134766e+00
-2.471956014633178711e+00
4.045762062072753906e+00
2.691128492355346680e+00
-4.366014897823333740e-01
2.756752014160156250e+00
6.991091370582580566e-01
-1.529089510440826416e-01
3.726987600326538086e+00
