3.071684360504150391e+00
-2.960220098495483398e+00
-7.798925638198852539e-01
2.544265985488891602e+00
-1.165888190269470215e+00
1.115865945816040039e+00
-1.636521816253662109e+00
-1.343197941780090332e+00
-3.126284480094909668e-01
-8.600445389747619629e-01
-1.941303908824920654e-01
7.611269354820251465e-01
5.485258102416992188e-01
2.926738739013671875e+00
-2.249840259552001953e+00
2.467344760894775391e+00
-9.691068530082702637e-01
2.765563011169433594e+00
-1.312020897865295410e+00
-3.108573198318481445e+00
3.028544187545776367e+00
1.430111765861511230e+00
-2.374783039093017578e+00
2.764395177364349365e-01
1.664778232574462891e+00
2.951158046722412109e+00
-9.803972244262695312e-01
1.269898533821105957e+00
-1.869741439819335938e+00
7.570167183876037598e-01
