-1.802621364593505859e+00
1.618998885154724121e+00
-1.582000374794006348e+00
-1.355020761489868164e+00
2.092343091964721680e+00
1.998467922210693359e+00
1.510194182395935059e+00
1.167983651161193848e+00
1.937523007392883301e+00
-2.125222682952880859e+00
2.110515832901000977e+00
5.855073928833007812e-01
4.703861773014068604e-01
4.023965299129486084e-01
-1.426580905914306641e+00
-1.772325158119201660e+00
1.261701345443725586e+00
-1.802717447280883789e+00
1.144326329231262207e+00
1.147429585456848145e+00
-1.912370443344116211e+00
2.077827930450439453e+00
-2.096188545227050781e+00
-2.090682268142700195e+00
-2.138987302780151367e+00
-1.963088870048522949e+00
1.430094361305236816e+00
1.219521641731262207e+00
-4.204443693161010742e-01
1.984787583351135254e+00
