7.537859678268432617e-01
-4.055447578430175781e-01
-4.318611323833465576e-01
2.960866212844848633e+00
1.819465637207031250e+00
1.527624428272247314e-01
4.353880405426025391e+00
-4.039627075195312500e+00
2.320398569107055664e+00
1.424154877662658691e+00
4.039336681365966797e+00
2.265318870544433594e+00
2.721027851104736328e+00
2.305670022964477539e+00
9.184845089912414551e-01
4.796234130859375000e+00
4.558240413665771484e+00
-1.670974612236022949e+00
-3.927127361297607422e+00
4.695656299591064453e+00
-4.441644668579101562e+00
1.846281647682189941e+00
9.794792532920837402e-01
-2.744820356369018555e+00
-2.149984359741210938e+00
2.696380138397216797e+00
-2.463192939758300781e+00
6.489379405975341797e-01
-4.194781303405761719e+00
1.783189773559570312e+00
