-1.684421420097351074e+00
1.992452442646026611e-01
-1.680453300476074219e+00
-1.434427380561828613e+00
-1.409509897232055664e+00
1.625945419073104858e-01
9.762326627969741821e-02
-1.715046048164367676e+00
-1.354067087173461914e+00
-4.377709031105041504e-01
3.139165639877319336e-01
-1.656832337379455566e+00
-1.694609761238098145e+00
-9.491038322448730469e-01
1.671161174774169922e+00
8.602945804595947266e-01
-3.278242796659469604e-02
-1.176373481750488281e+00
4.388683438301086426e-01
1.574915051460266113e+00
-1.219108462333679199e+00
-1.152017354965209961e+00
-1.614235997200012207e+00
-1.508928894996643066e+00
-1.423884153366088867e+00
-5.273896455764770508e-01
1.311370253562927246e+00
-1.248057365417480469e+00
-1.734169244766235352e+00
-8.120561838150024414e-01
