1.341727972030639648e+00
-7.294301986694335938e-01
3.174349665641784668e-01
3.288678824901580811e-02
1.255688309669494629e+00
1.063345551490783691e+00
-1.223619222640991211e+00
-1.028392791748046875e+00
1.325091600418090820e+00
-1.018203139305114746e+00
-1.335287213325500488e+00
-1.150242924690246582e+00
-4.468982107937335968e-03
1.004534363746643066e+00
1.281815290451049805e+00
1.281600117683410645e+00
-1.051910966634750366e-01
-1.308014988899230957e+00
-1.449797302484512329e-01
-4.669522494077682495e-02
1.246869206428527832e+00
-1.203366994857788086e+00
1.353814482688903809e+00
3.850403726100921631e-01
-1.121842414140701294e-01
9.887382984161376953e-01
-1.170533299446105957e+00
1.106084704399108887e+00
1.198113441467285156e+00
-1.216021537780761719e+00
