4.124015331268310547e+00
-2.062319517135620117e+00
3.218738079071044922e+00
1.514895081520080566e+00
-2.404218673706054688e+00
-7.575808763504028320e-01
3.862345218658447266e-01
-3.701201438903808594e+00
-4.295084953308105469e+00
-2.772241592407226562e+00
4.337005615234375000e+00
-4.233057975769042969e+00
-4.092628002166748047e+00
-4.076504707336425781e+00
4.317651271820068359e+00
-3.024721622467041016e+00
-4.094338893890380859e+00
-5.968381762504577637e-01
-6.072897911071777344e-01
4.031064033508300781e+00
-2.347785711288452148e+00
3.071857213973999023e+00
1.727597832679748535e+00
-4.364634513854980469e+00
-2.573513984680175781e+00
4.235810279846191406e+00
3.616522789001464844e+00
-3.118856668472290039e+00
-4.284599781036376953e+00
8.533387184143066406e-01
