7.359489798545837402e-01
-3.865861594676971436e-01
-1.013034462928771973e+00
4.248058199882507324e-01
-1.701070070266723633e+00
-1.361114501953125000e+00
1.122766375541687012e+00
2.403572201728820801e-02
-5.366893857717514038e-02
9.555802941322326660e-01
-1.147168040275573730e+00
-1.393808722496032715e+00
1.682034492492675781e+00
-1.589419364929199219e+00
1.692082881927490234e+00
1.756579399108886719e+00
-1.522835731506347656e+00
-1.641493558883666992e+00
1.461974143981933594e+00
-1.466615080833435059e+00
1.601955771446228027e+00
-3.753123804926872253e-02
1.762273550033569336e+00
-1.602967977523803711e+00
-1.617494374513626099e-01
1.177758574485778809e+00
1.578585624694824219e+00
1.599964141845703125e+00
7.292216420173645020e-01
-8.967034220695495605e-01
