-1.176266193389892578e+00
2.541221976280212402e-01
2.017562150955200195e+00
1.818320155143737793e+00
-2.410344362258911133e+00
2.334281921386718750e+00
-7.006852030754089355e-01
1.930239498615264893e-01
2.271474361419677734e+00
2.545649528503417969e+00
-2.519171476364135742e+00
1.495009183883666992e+00
-2.470867395401000977e+00
-2.394690752029418945e+00
-1.308262467384338379e+00
-1.020925045013427734e+00
-2.339999437332153320e+00
1.186598420143127441e+00
-1.697178006172180176e+00
2.270696878433227539e+00
1.300632596015930176e+00
4.729007780551910400e-01
2.246856927871704102e+00
2.342913746833801270e-01
2.095889806747436523e+00
-2.502460241317749023e+00
2.540230751037597656e+00
2.590018212795257568e-01
-1.006186366081237793e+00
-2.006008625030517578e+00
