7.368841171264648438e-01
1.896979570388793945e+00
4.444676339626312256e-01
-1.669061660766601562e+00
2.588348090648651123e-01
1.058099031448364258e+00
1.176136851310729980e+00
1.786405920982360840e+00
2.510235905647277832e-01
1.521128296852111816e+00
-8.572466969490051270e-01
1.576035976409912109e+00
6.226968169212341309e-01
-7.880634069442749023e-02
9.867389500141143799e-02
-1.664233446121215820e+00
-1.211612462997436523e+00
-1.554991602897644043e+00
1.883743286132812500e+00
-1.930743217468261719e+00
1.979336023330688477e+00
1.684421181678771973e+00
1.328369379043579102e+00
1.074903607368469238e+00
-1.877100467681884766e+00
1.722996473312377930e+00
-2.108070850372314453e+00
1.900130510330200195e+00
-2.041102886199951172e+00
7.024182081222534180e-01
