-7.829620242118835449e-01
1.375168800354003906e+00
-1.342946290969848633e+00
-1.369618415832519531e+00
4.898020923137664795e-01
1.352933883666992188e+00
-1.415584444999694824e+00
1.695732176303863525e-01
-1.402531147003173828e+00
-1.390840172767639160e+00
-1.080900058150291443e-02
1.384368896484375000e+00
-3.887915015220642090e-01
1.115273833274841309e+00
-6.046305298805236816e-01
1.516718268394470215e-01
-5.573296546936035156e-01
-9.248471856117248535e-01
1.184137463569641113e+00
-9.645364880561828613e-01
-1.402072191238403320e+00
-1.384786605834960938e+00
9.362029284238815308e-02
-3.438951075077056885e-01
-7.851762771606445312e-01
-1.451855748891830444e-01
-1.171415328979492188e+00
5.989161133766174316e-01
1.365307807922363281e+00
1.013404011726379395e+00
