1.120295077562332153e-01
-1.221888184547424316e+00
-1.003411650657653809e+00
5.318724513053894043e-01
-1.045325279235839844e+00
4.382807016372680664e-01
-8.150155097246170044e-02
-9.880045652389526367e-01
5.792460441589355469e-01
-6.010613441467285156e-01
4.320769309997558594e-01
-1.036754608154296875e+00
-8.329149484634399414e-01
-1.211573123931884766e+00
-8.768203258514404297e-01
-1.222447633743286133e+00
-7.087569832801818848e-01
8.608961701393127441e-01
7.316735386848449707e-01
1.291981786489486694e-01
-2.956086099147796631e-01
1.047101855278015137e+00
1.190488696098327637e+00
-8.031242340803146362e-02
-3.176039084792137146e-02
-1.059162974357604980e+00
-9.407103657722473145e-01
1.217495560646057129e+00
-1.223614096641540527e+00
9.760029911994934082e-01
