2.007476806640625000e+00
-3.255468606948852539e+00
4.151131629943847656e+00
2.508407831192016602e+00
-5.095249414443969727e-01
-3.661581516265869141e+00
-4.147683620452880859e+00
1.398340344429016113e+00
-3.167208671569824219e+00
3.345993041992187500e+00
7.479848265647888184e-01
4.137905597686767578e+00
1.719389319419860840e+00
2.203649282455444336e+00
-4.203310012817382812e+00
4.133517265319824219e+00
-1.433797836303710938e+00
3.154554367065429688e+00
3.449942111968994141e+00
2.920706510543823242e+00
-3.589670896530151367e+00
2.604351520538330078e+00
4.193188190460205078e+00
-2.709896862506866455e-01
-1.189386129379272461e+00
-4.111951828002929688e+00
-4.087160587310791016e+00
2.394122481346130371e-01
-4.148524761199951172e+00
-1.744140505790710449e+00
