2.078884363174438477e+00
-2.048222541809082031e+00
-3.810335099697113037e-01
-3.806928634643554688e+00
4.203277587890625000e+00
-3.767730474472045898e+00
4.158136367797851562e+00
-2.531217575073242188e+00
-3.667443990707397461e+00
1.311391472816467285e+00
1.210419774055480957e+00
2.502405941486358643e-01
3.642543792724609375e+00
2.823788881301879883e+00
-3.459821343421936035e-01
4.195858478546142578e+00
-3.554338932037353516e+00
-7.766587734222412109e-01
-1.792783737182617188e+00
1.338676452636718750e+00
5.625975728034973145e-01
7.955949902534484863e-01
3.276435375213623047e+00
-4.153147220611572266e+00
1.057795435190200806e-02
3.750703811645507812e+00
2.081130981445312500e+00
-1.102784872055053711e+00
5.291164517402648926e-01
-1.614750862121582031e+00
