1.114006161689758301e+00
1.369554996490478516e+00
-3.051970481872558594e+00
3.995204210281372070e+00
2.148817539215087891e+00
-4.124690055847167969e+00
-4.021490573883056641e+00
-2.541722536087036133e+00
-3.533422946929931641e+00
3.806274414062500000e+00
-3.044032454490661621e-01
-3.030657291412353516e+00
3.654980659484863281e+00
-4.152831077575683594e+00
1.154763340950012207e+00
1.839229583740234375e+00
3.269829750061035156e+00
-3.663710117340087891e+00
-3.010221958160400391e+00
-3.535089969635009766e+00
-1.796203494071960449e+00
3.126395046710968018e-01
1.935883283615112305e+00
3.792979717254638672e+00
-3.396432876586914062e+00
-3.334231615066528320e+00
1.712746739387512207e+00
-1.374097228050231934e+00
-1.177401304244995117e+00
-4.127977848052978516e+00
