-4.420985579490661621e-01
-5.669299960136413574e-01
3.234851956367492676e-01
-5.168246030807495117e-01
1.147927045822143555e+00
1.120954036712646484e+00
-9.651504158973693848e-01
-1.070113658905029297e+00
-1.144710540771484375e+00
-1.063740253448486328e+00
-1.177549481391906738e+00
-8.326564431190490723e-01
-1.175024509429931641e+00
1.168068766593933105e+00
-1.008542299270629883e+00
-7.446348667144775391e-01
-8.983960747718811035e-01
-1.594398021697998047e-01
-1.032846450805664062e+00
5.262055993080139160e-01
1.172714233398437500e+00
-5.421960353851318359e-01
9.201896786689758301e-01
1.125176906585693359e+00
9.515658617019653320e-01
-8.716541528701782227e-01
5.672002583742141724e-02
-4.111902043223381042e-02
-8.171092271804809570e-01
-1.777152121067047119e-01
