-2.084117412567138672e+00
2.352066278457641602e+00
2.601230859756469727e+00
2.835399389266967773e+00
-2.521239757537841797e+00
2.781913518905639648e+00
-4.002608060836791992e-01
2.426490783691406250e+00
-5.099474191665649414e-01
5.633748769760131836e-01
2.313529491424560547e+00
-8.774479627609252930e-01
1.174360752105712891e+00
1.867426872253417969e+00
-1.990992575883865356e-01
-1.318918108940124512e+00
2.382946729660034180e+00
2.970694005489349365e-01
9.092587232589721680e-01
-1.391435742378234863e+00
-2.871941804885864258e+00
-2.504882097244262695e+00
2.663929700851440430e+00
1.796865344047546387e+00
1.919331789016723633e+00
2.076725721359252930e+00
4.424762725830078125e-01
2.836797237396240234e+00
-2.886602878570556641e+00
2.831887245178222656e+00
