-1.531707286834716797e+00
7.748392224311828613e-01
-1.202976107597351074e+00
9.878904223442077637e-01
3.536572456359863281e-01
4.730891287326812744e-01
1.153656482696533203e+00
-1.477888107299804688e+00
-1.720460772514343262e+00
-1.768337488174438477e+00
5.371856093406677246e-01
1.648039579391479492e+00
-9.755470156669616699e-01
-1.748958587646484375e+00
-3.005733191967010498e-01
1.732475399971008301e+00
-1.141107529401779175e-01
1.640835046768188477e+00
1.458443164825439453e+00
-1.697545528411865234e+00
-8.286579251289367676e-01
-1.286187410354614258e+00
-8.062345385551452637e-01
1.695129036903381348e+00
-1.174399852752685547e+00
-6.615645289421081543e-01
1.265377879142761230e+00
-1.704165816307067871e+00
-1.683159768581390381e-01
3.878820538520812988e-01
