4.166182994842529297e+00
3.668011903762817383e+00
2.298688173294067383e+00
-4.093875885009765625e-01
4.183496475219726562e+00
-4.197699069976806641e+00
-3.100717782974243164e+00
1.987728834152221680e+00
-6.058860421180725098e-01
1.594712376594543457e+00
-2.391951084136962891e+00
4.102870941162109375e+00
4.129839420318603516e+00
3.236308336257934570e+00
-4.201470375061035156e+00
-1.708885073661804199e+00
3.063355684280395508e+00
4.113930702209472656e+00
-3.042537212371826172e+00
-2.913740396499633789e+00
-4.061470031738281250e+00
3.342422485351562500e+00
3.215862065553665161e-02
-3.618690967559814453e+00
1.281933903694152832e+00
3.340246200561523438e+00
-2.116123914718627930e+00
-3.088502883911132812e+00
3.709296941757202148e+00
8.967362642288208008e-01
