2.070680379867553711e+00
-2.553442478179931641e+00
-3.049763917922973633e+00
1.366075992584228516e+00
3.310038566589355469e+00
-7.794082760810852051e-01
-8.432155847549438477e-01
-3.615211009979248047e+00
3.616345167160034180e+00
-3.600336790084838867e+00
-2.859517097473144531e+00
-3.646426439285278320e+00
2.893451452255249023e+00
-5.224066376686096191e-01
1.279976606369018555e+00
1.127474904060363770e+00
2.115265369415283203e+00
-3.232026100158691406e-01
9.732533097267150879e-01
-3.536922693252563477e+00
-2.127183914184570312e+00
1.581601262092590332e+00
-3.618210315704345703e+00
-3.125485181808471680e+00
3.090810298919677734e+00
2.142779827117919922e+00
-2.585978031158447266e+00
-3.492189168930053711e+00
-3.341925382614135742e+00
1.198049113154411316e-01
