3.044242382049560547e+00
-3.196433782577514648e-01
-2.001269817352294922e+00
-3.715180635452270508e+00
-3.097412109375000000e+00
4.191628456115722656e+00
4.082254886627197266e+00
3.680823564529418945e+00
-7.767699956893920898e-01
-2.490450143814086914e+00
-3.541519641876220703e+00
2.034492969512939453e+00
3.880117177963256836e+00
-5.716202259063720703e-01
-1.749676585197448730e+00
-3.581162691116333008e+00
3.205987453460693359e+00
-9.126693606376647949e-01
-2.908132553100585938e+00
3.645013093948364258e+00
-1.420632362365722656e+00
3.883052349090576172e+00
-1.069699287414550781e+00
-9.800882339477539062e-01
2.774081468582153320e+00
3.990454673767089844e+00
3.430379152297973633e+00
-2.987410500645637512e-02
2.654962062835693359e+00
3.239052534103393555e+00
