-6.385560631752014160e-01
1.934725493192672729e-01
-1.744868516921997070e+00
1.759474754333496094e+00
7.796218991279602051e-01
-9.889179468154907227e-02
5.399759411811828613e-01
-7.168527841567993164e-01
1.440662026405334473e+00
1.429986953735351562e+00
1.336833238601684570e+00
1.316731691360473633e+00
1.762584924697875977e+00
1.361472725868225098e+00
-1.334218263626098633e+00
6.472267508506774902e-01
1.243245601654052734e+00
-1.713462710380554199e+00
6.908935308456420898e-01
1.562159061431884766e+00
-2.068215310573577881e-01
-1.667599380016326904e-01
-1.775370717048645020e+00
1.620658874511718750e+00
2.807243764400482178e-01
2.952786087989807129e-01
-1.459217190742492676e+00
8.199802637100219727e-01
-3.929508328437805176e-01
9.596291184425354004e-01
