-3.313969671726226807e-01
-1.488573431968688965e+00
3.921666860580444336e+00
3.913367748260498047e+00
-3.929308414459228516e+00
-1.171087861061096191e+00
6.748353838920593262e-01
3.635485410690307617e+00
-3.819793462753295898e+00
3.852260351181030273e+00
3.789076209068298340e-01
1.187456250190734863e+00
3.570031166076660156e+00
-3.531022787094116211e+00
3.702099800109863281e+00
-4.763134419918060303e-01
8.235707283020019531e-01
-1.337057828903198242e+00
-2.052585124969482422e+00
-3.049688577651977539e+00
3.853178024291992188e+00
3.866947412490844727e+00
-2.801845073699951172e+00
7.247036695480346680e-01
9.611153602600097656e-01
2.344976425170898438e+00
3.836037397384643555e+00
-3.833055734634399414e+00
-2.586555719375610352e+00
3.866225004196166992e+00
