3.783726453781127930e+00
-4.085765779018402100e-02
2.494130373001098633e+00
1.057363867759704590e+00
-7.819765806198120117e-01
2.922225236892700195e+00
-1.337997794151306152e+00
4.215847969055175781e+00
3.056074380874633789e+00
6.006402373313903809e-01
-5.414690971374511719e-01
3.674131870269775391e+00
-4.179437637329101562e+00
-5.712516605854034424e-02
7.791004180908203125e-01
2.238157987594604492e+00
-4.044517993927001953e+00
2.356747627258300781e+00
-4.238141536712646484e+00
4.218888759613037109e+00
-3.889059543609619141e+00
2.648563861846923828e+00
3.240741968154907227e+00
-4.257453441619873047e+00
-1.421161770820617676e+00
2.228450059890747070e+00
1.604015946388244629e+00
5.416838526725769043e-01
3.833729743957519531e+00
-3.533279895782470703e+00
