2.967145204544067383e+00
1.386702775955200195e+00
4.582641124725341797e+00
4.047973155975341797e+00
4.106767177581787109e+00
-3.522477865219116211e+00
-4.563914775848388672e+00
4.471769332885742188e+00
4.009291648864746094e+00
3.834036827087402344e+00
-4.679710865020751953e+00
4.391400814056396484e+00
2.095902204513549805e+00
4.668150901794433594e+00
-2.140898227691650391e+00
-4.325545310974121094e+00
-4.447534561157226562e+00
-4.517013072967529297e+00
-4.394134044647216797e+00
4.712661266326904297e+00
3.572280406951904297e+00
1.728013396263122559e+00
3.748549222946166992e-01
2.820684432983398438e+00
4.312773704528808594e+00
-3.496438741683959961e+00
-4.615979671478271484e+00
4.635024547576904297e+00
-4.459486961364746094e+00
4.476976871490478516e+00
