-4.862804114818572998e-01
-2.590301513671875000e+00
2.005165100097656250e+00
2.495311498641967773e+00
-2.480948925018310547e+00
-2.587350606918334961e+00
-2.601003170013427734e+00
-7.332077026367187500e-01
-2.528121232986450195e+00
2.445937871932983398e+00
2.094090938568115234e+00
-2.601313352584838867e+00
-8.413903713226318359e-01
2.561725378036499023e+00
-2.544126510620117188e+00
-2.567115545272827148e+00
-2.502906799316406250e+00
-1.632836103439331055e+00
-1.304453372955322266e+00
-2.565822839736938477e+00
-1.446175217628479004e+00
2.010213851928710938e+00
2.052497148513793945e+00
2.295152425765991211e+00
1.025777816772460938e+00
2.176933288574218750e+00
-2.442222595214843750e+00
2.518504858016967773e+00
1.219173073768615723e+00
-2.041737794876098633e+00
