-7.464802861213684082e-01
-4.170808315277099609e+00
-3.976479053497314453e+00
4.721288681030273438e+00
-4.325079441070556641e+00
-3.083748340606689453e+00
-4.716862201690673828e+00
-2.252022504806518555e+00
-1.861928820610046387e+00
-5.003321170806884766e+00
-3.738594770431518555e+00
-1.557575583457946777e+00
-2.128802299499511719e+00
-4.086303710937500000e+00
-4.588485240936279297e+00
1.002139687538146973e+00
5.023838996887207031e+00
-4.514969825744628906e+00
-4.157705307006835938e+00
-4.147064208984375000e+00
-2.213114023208618164e+00
1.168604969978332520e+00
4.603465080261230469e+00
3.479751348495483398e-01
-3.986447155475616455e-01
-1.592228651046752930e+00
2.018657684326171875e+00
3.145695686340332031e+00
2.635516881942749023e+00
4.725186824798583984e+00
