-1.209048390388488770e+00
-1.169551491737365723e+00
-1.618922114372253418e+00
1.225317358970642090e+00
5.646063387393951416e-02
1.082672476768493652e+00
5.175879225134849548e-02
1.098723053932189941e+00
1.029292196035385132e-01
-8.428674191236495972e-02
7.585338354110717773e-01
1.430072069168090820e+00
1.573421001434326172e+00
-7.220085859298706055e-01
-1.288747310638427734e+00
5.140464901924133301e-01
-1.489639639854431152e+00
-3.042744100093841553e-01
-1.586969614028930664e+00
-8.752791285514831543e-01
-1.465261459350585938e+00
-1.192272901535034180e+00
-1.630106806755065918e+00
-2.232127040624618530e-01
-1.529695987701416016e-01
1.568952083587646484e+00
-9.120292663574218750e-01
2.287789285182952881e-01
-3.378028571605682373e-01
-3.836803436279296875e-01
