-2.385405540466308594e+00
-1.095646619796752930e+00
2.753659009933471680e+00
-2.947416305541992188e+00
-3.487833142280578613e-01
-3.861236274242401123e-01
-2.975987434387207031e+00
-2.835395574569702148e+00
-2.949196577072143555e+00
9.941679239273071289e-01
8.478925228118896484e-01
-1.364916682243347168e+00
2.622985839843750000e+00
2.880553722381591797e+00
2.847765207290649414e+00
-1.954097032546997070e+00
2.063478708267211914e+00
-1.472242712974548340e+00
-1.672392725944519043e+00
3.431944251060485840e-01
-2.997944116592407227e+00
2.192993760108947754e-01
3.101777434349060059e-01
-1.516003370285034180e+00
-2.966375350952148438e+00
-1.080437898635864258e+00
9.535635709762573242e-01
2.385925292968750000e+00
1.680382609367370605e+00
-2.816516160964965820e+00
