1.551542162895202637e+00
9.684135317802429199e-01
2.170464277267456055e+00
1.212576404213905334e-01
2.163305729627609253e-01
1.767421007156372070e+00
1.806705832481384277e+00
-2.040384531021118164e+00
-5.464125871658325195e-01
-2.144427776336669922e+00
1.295731902122497559e+00
-1.130708217620849609e+00
4.297471046447753906e-01
-2.036798715591430664e+00
2.167695999145507812e+00
2.097968101501464844e+00
-9.532111287117004395e-01
-1.625167608261108398e+00
-1.335100084543228149e-01
-1.893318653106689453e+00
1.238071680068969727e+00
-2.113375663757324219e+00
-2.107173681259155273e+00
1.915922999382019043e+00
-1.504654407501220703e+00
-2.163078069686889648e+00
1.860355377197265625e+00
6.753894686698913574e-01
-8.779076337814331055e-01
-5.824216008186340332e-01
