1.083081126213073730e+00
5.199798941612243652e-01
6.757628917694091797e-01
-7.454798817634582520e-01
2.811655402183532715e-01
1.460492312908172607e-01
-1.194158554077148438e+00
-1.380218416452407837e-01
1.515538394451141357e-01
5.079060792922973633e-01
1.074853658676147461e+00
-7.068360447883605957e-01
7.620573043823242188e-01
-2.971457242965698242e-01
-1.063451096415519714e-01
-9.011675119400024414e-01
-1.213417291641235352e+00
-8.130415081977844238e-01
1.164644002914428711e+00
-1.242264270782470703e+00
-1.182469606399536133e+00
1.145096898078918457e+00
3.644953668117523193e-01
6.138497591018676758e-01
7.595919817686080933e-02
-9.868389964103698730e-01
6.748465299606323242e-01
1.198171138763427734e+00
1.546794921159744263e-01
6.217666864395141602e-01
