3.865464031696319580e-01
7.336765527725219727e-01
8.067784458398818970e-02
4.098979234695434570e-01
-2.095040977001190186e-01
2.447018474340438843e-01
5.843348056077957153e-02
1.282373547554016113e+00
9.421411156654357910e-01
1.276822924613952637e+00
-7.843698859214782715e-01
2.670008540153503418e-01
1.364023923873901367e+00
-3.565223515033721924e-01
8.428243994712829590e-01
1.011919736862182617e+00
1.117934465408325195e+00
-1.368178606033325195e+00
-1.178297638893127441e+00
-3.630846440792083740e-01
-1.250820517539978027e+00
1.371102333068847656e+00
1.309096932411193848e+00
-9.600453972816467285e-01
1.174333453178405762e+00
-1.334578990936279297e+00
-1.306998252868652344e+00
-1.190778374671936035e+00
-2.111491560935974121e-01
1.260658025741577148e+00
