3.146496534347534180e+00
-1.232440233230590820e+00
-2.443345785140991211e+00
-1.731050491333007812e+00
4.259847640991210938e+00
-4.214855670928955078e+00
1.550606191158294678e-01
2.837282896041870117e+00
4.515306949615478516e+00
2.363008260726928711e+00
-1.650913000106811523e+00
1.757180690765380859e+00
2.138242006301879883e+00
4.585018157958984375e+00
-5.285918116569519043e-01
2.889961719512939453e+00
1.595011591911315918e+00
1.585360169410705566e+00
-4.540113449096679688e+00
1.042894959449768066e+00
2.101236343383789062e+00
-2.112694501876831055e+00
-3.741685628890991211e+00
-3.072274684906005859e+00
-3.257871866226196289e+00
-4.503459930419921875e+00
2.630273103713989258e+00
4.124117374420166016e+00
-4.132600307464599609e+00
4.384289264678955078e+00
