-5.481887608766555786e-02
1.694469451904296875e+00
-3.296886570751667023e-03
-8.036649227142333984e-01
2.839712053537368774e-02
-9.529796242713928223e-01
1.370456099510192871e+00
-1.781466007232666016e+00
-1.700566768646240234e+00
-1.049429416656494141e+00
4.938172399997711182e-01
-1.350815296173095703e-01
-1.102181315422058105e+00
-7.442579865455627441e-01
-9.610007405281066895e-01
-1.081636905670166016e+00
-1.263544321060180664e+00
1.425521373748779297e-01
-6.937921643257141113e-01
-1.030516505241394043e+00
-1.689396500587463379e+00
-1.609206795692443848e+00
-1.828880190849304199e+00
1.650100350379943848e+00
3.676409721374511719e-01
1.722234368324279785e+00
1.724712848663330078e+00
-1.319564819335937500e+00
-7.916347980499267578e-01
-4.376158714294433594e-01
