6.518152952194213867e-01
-1.251422643661499023e+00
-7.155967950820922852e-01
1.224619746208190918e+00
1.470116972923278809e+00
-1.027890205383300781e+00
1.252917647361755371e+00
1.568224906921386719e+00
1.114362716674804688e+00
-1.654405355453491211e+00
-1.234064698219299316e+00
1.224715113639831543e+00
-1.608842372894287109e+00
-1.096230506896972656e+00
1.166070103645324707e+00
-5.587934255599975586e-01
-5.090246200561523438e-01
-1.192143440246582031e+00
1.245646715164184570e+00
9.548902511596679688e-01
-9.900042414665222168e-01
-1.570055723190307617e+00
6.100004911422729492e-01
-1.574707508087158203e+00
1.641741275787353516e+00
8.101513385772705078e-01
-8.174083828926086426e-01
1.521192312240600586e+00
1.690431237220764160e+00
1.809496134519577026e-01
