-3.004165410995483398e+00
-2.750677585601806641e+00
-5.649514794349670410e-01
-4.931371212005615234e-01
3.042898893356323242e+00
-2.915506601333618164e+00
2.909949779510498047e+00
-1.767648577690124512e+00
-2.378417998552322388e-01
-2.900472402572631836e+00
2.927223443984985352e+00
2.929501295089721680e+00
2.739885330200195312e+00
-2.732116460800170898e+00
1.422338128089904785e+00
-2.992956638336181641e+00
2.826603353023529053e-01
2.680100679397583008e+00
2.976756095886230469e+00
-2.907511711120605469e+00
2.506037235260009766e+00
-3.992755711078643799e-01
2.092906951904296875e+00
-9.318177700042724609e-01
-1.960819005966186523e+00
2.923493385314941406e+00
-2.991905212402343750e+00
-1.977444291114807129e+00
8.550543785095214844e-01
-3.467041254043579102e-01
