3.734110355377197266e+00
-2.876239776611328125e+00
-2.824868202209472656e+00
-3.135960102081298828e+00
-3.112921953201293945e+00
-3.155105113983154297e+00
3.709731101989746094e+00
1.108988761901855469e+00
1.489032953977584839e-01
-3.479925870895385742e+00
-3.640936613082885742e+00
3.845482170581817627e-01
2.154721498489379883e+00
6.753138899803161621e-01
-1.260020017623901367e+00
9.293417334556579590e-01
1.234834432601928711e+00
1.492635488510131836e+00
-3.185940980911254883e-01
-3.200186491012573242e+00
8.368913531303405762e-01
1.245950818061828613e+00
-3.652223825454711914e+00
3.437405824661254883e+00
3.520338535308837891e+00
-6.921583414077758789e-02
3.302979707717895508e+00
-1.410973429679870605e+00
-3.606687068939208984e+00
-7.389760613441467285e-01
