2.167585134506225586e+00
1.383517980575561523e+00
1.978809714317321777e+00
2.125377655029296875e+00
9.919013381004333496e-01
2.266045808792114258e+00
-7.768250703811645508e-01
-6.870507597923278809e-01
2.250698566436767578e+00
-2.064849853515625000e+00
-1.259970188140869141e+00
2.064083576202392578e+00
1.944027900695800781e+00
-2.259179353713989258e+00
7.373236417770385742e-01
8.166378140449523926e-01
-2.774338237941265106e-03
-2.156453132629394531e+00
-2.248407602310180664e+00
1.639748692512512207e+00
-5.834273695945739746e-01
-2.095589876174926758e+00
-2.309100627899169922e+00
4.589085578918457031e-01
1.714056491851806641e+00
-8.224453926086425781e-01
1.854760289192199707e+00
-1.506313085556030273e+00
2.183514356613159180e+00
1.080503582954406738e+00
