-2.089659690856933594e+00
-1.339821696281433105e+00
2.117655038833618164e+00
2.080628395080566406e+00
4.125174283981323242e-01
1.434742331504821777e+00
-5.602456927299499512e-01
-1.999326229095458984e+00
1.889109849929809570e+00
-1.277897477149963379e+00
-1.318125247955322266e+00
-1.402301192283630371e+00
1.324975490570068359e+00
-2.064431667327880859e+00
1.882762312889099121e+00
-2.006258010864257812e+00
-1.871089935302734375e+00
-1.105825662612915039e+00
1.159709453582763672e+00
-4.952590763568878174e-01
-1.860998392105102539e+00
1.992831826210021973e+00
-4.991188645362854004e-01
-5.082523822784423828e-01
-1.913220047950744629e+00
6.768169403076171875e-01
-1.498967766761779785e+00
-1.688089370727539062e+00
-1.917576432228088379e+00
-1.144850373268127441e+00
