9.387698173522949219e-01
-4.538654386997222900e-01
-1.151800870895385742e+00
-2.193328291177749634e-01
-1.160689592361450195e+00
6.912281513214111328e-01
6.279703229665756226e-02
-4.458941817283630371e-01
1.235782623291015625e+00
6.113759279251098633e-01
-1.189101934432983398e+00
1.231644392013549805e+00
9.110896587371826172e-01
-3.097603619098663330e-01
-1.176739573478698730e+00
-9.644539356231689453e-01
-3.074551932513713837e-02
-2.894824147224426270e-01
9.283944368362426758e-01
1.803691983222961426e-01
2.688847184181213379e-01
-7.486246824264526367e-01
-2.316959202289581299e-01
7.466763257980346680e-01
-1.189743876457214355e+00
-1.091065049171447754e+00
1.713058650493621826e-01
-1.151639938354492188e+00
1.171021103858947754e+00
-3.618920594453811646e-02
