4.328534305095672607e-01
-1.189200043678283691e+00
-1.297254443168640137e+00
-5.140553712844848633e-01
1.016644001007080078e+00
1.294628977775573730e+00
-8.281818032264709473e-01
1.071813583374023438e+00
-1.316118836402893066e+00
2.816387414932250977e-01
2.377110421657562256e-01
-2.786625921726226807e-01
-1.370882987976074219e-01
1.282166242599487305e+00
-1.258438825607299805e+00
7.172336578369140625e-01
1.303602576255798340e+00
4.996856451034545898e-01
-1.081707954406738281e+00
5.735042095184326172e-01
-1.127990484237670898e+00
1.312977910041809082e+00
1.312335968017578125e+00
2.648034133017063141e-02
9.264304041862487793e-01
-8.673779368400573730e-01
1.121154665946960449e+00
1.268214583396911621e+00
1.243813037872314453e+00
1.229296803474426270e+00
