-2.034034252166748047e+00
3.283414363861083984e+00
2.263155698776245117e+00
-2.750282764434814453e+00
1.750841259956359863e+00
3.515168130397796631e-01
-3.367227554321289062e+00
1.838393449783325195e+00
-8.483503460884094238e-01
3.135360479354858398e+00
1.816384792327880859e-01
-1.342574834823608398e+00
-5.731704831123352051e-01
-9.452054500579833984e-01
3.051362991333007812e+00
1.895600199699401855e+00
-2.720582485198974609e+00
-2.171580314636230469e+00
2.063750743865966797e+00
-3.223878860473632812e+00
-3.298630714416503906e+00
-1.097879782319068909e-01
2.804827690124511719e+00
2.761939525604248047e+00
-2.443293094635009766e+00
-2.914481878280639648e+00
-3.074051618576049805e+00
2.452482938766479492e+00
2.587953805923461914e+00
3.104462862014770508e+00
