1.444206237792968750e+00
-7.802900075912475586e-01
1.730285644531250000e+00
-7.031979560852050781e-01
1.800406932830810547e+00
-1.331823229789733887e+00
1.991267204284667969e+00
1.674266934394836426e+00
-4.937264025211334229e-01
1.208706021308898926e+00
-1.969857215881347656e+00
-8.457313179969787598e-01
-2.119345188140869141e+00
-1.715071946382522583e-01
1.160698890686035156e+00
1.344991922378540039e-01
1.680408954620361328e+00
4.397359490394592285e-01
1.656201601028442383e+00
2.043456792831420898e+00
9.841443300247192383e-01
-1.184503316879272461e+00
-5.222063660621643066e-01
2.111664563417434692e-01
1.395329475402832031e+00
-1.926963329315185547e+00
-4.484714865684509277e-01
2.072746515274047852e+00
-1.421295881271362305e+00
-6.786323785781860352e-01
