-1.324349761009216309e+00
7.977902889251708984e-01
4.732523262500762939e-01
-7.140743136405944824e-01
-1.567796468734741211e+00
-1.055229187011718750e+00
1.316444396972656250e+00
1.093143343925476074e+00
8.451631665229797363e-01
8.610227108001708984e-01
1.038375854492187500e+00
-1.670695662498474121e+00
-1.670617580413818359e+00
6.865918040275573730e-01
6.250618696212768555e-01
4.093924462795257568e-01
1.635862946510314941e+00
-1.365789324045181274e-01
-1.676486372947692871e+00
1.154382109642028809e+00
-1.533712148666381836e+00
-8.795617818832397461e-01
1.439944863319396973e+00
-8.755283951759338379e-01
-1.501772999763488770e+00
6.296724677085876465e-01
-2.131143510341644287e-01
5.584377050399780273e-01
-6.549692749977111816e-01
1.453253149986267090e+00
