2.788116455078125000e+00
1.136531352996826172e+00
1.144460082054138184e+00
3.405909538269042969e+00
3.639222681522369385e-01
-3.725724458694458008e+00
1.211507320404052734e+00
-3.637428760528564453e+00
-3.436192035675048828e+00
-3.854862213134765625e+00
-8.200125098228454590e-01
-2.582669019699096680e+00
-3.896199464797973633e+00
6.580397486686706543e-01
3.050645351409912109e+00
-3.830386638641357422e+00
-3.784986495971679688e+00
1.161806106567382812e+00
3.503190040588378906e+00
3.882949829101562500e+00
4.675137996673583984e-01
-1.412549495697021484e+00
-1.808881640434265137e+00
-3.491075754165649414e+00
-3.629931926727294922e+00
-2.667327642440795898e+00
-3.745779752731323242e+00
3.713741302490234375e+00
3.930320262908935547e+00
3.781639575958251953e+00
