4.401889801025390625e+00
2.056349277496337891e+00
3.497182130813598633e+00
-2.379383087158203125e+00
-5.086867213249206543e-01
4.541063308715820312e+00
-4.587132930755615234e+00
2.847611188888549805e+00
3.253448963165283203e+00
4.134443759918212891e+00
9.740950465202331543e-01
2.107303142547607422e+00
-9.781588315963745117e-01
-2.092741489410400391e+00
3.109378099441528320e+00
4.519713401794433594e+00
-2.621941566467285156e-01
-8.787647485733032227e-01
-4.581447601318359375e+00
1.220201253890991211e+00
2.115206956863403320e+00
-7.933202981948852539e-01
-1.656589627265930176e+00
2.566280364990234375e+00
-4.026947498321533203e+00
6.479663252830505371e-01
4.516026973724365234e+00
4.548070907592773438e+00
-3.978298425674438477e+00
-1.470404386520385742e+00
