-2.095213174819946289e+00
-4.905840396881103516e+00
-4.477680206298828125e+00
4.960961818695068359e+00
1.201455473899841309e+00
1.612916707992553711e+00
-2.114434957504272461e+00
4.910756111145019531e+00
4.570195674896240234e+00
-1.085939049720764160e+00
2.330150455236434937e-01
4.227970600128173828e+00
-4.486454963684082031e+00
4.587339401245117188e+00
4.466652870178222656e+00
-1.082521677017211914e+00
-2.965015172958374023e+00
-4.721733570098876953e+00
2.169529199600219727e+00
4.807209968566894531e+00
-1.888624191284179688e+00
-3.755887031555175781e+00
1.272045731544494629e+00
-4.586186408996582031e+00
-1.576604604721069336e+00
4.445104122161865234e+00
3.683220624923706055e+00
-3.140452146530151367e+00
1.933341264724731445e+00
3.249596834182739258e+00
