2.090078353881835938e+00
7.725479602813720703e-01
2.699129104614257812e+00
-4.098885059356689453e+00
2.362810134887695312e+00
3.187947273254394531e+00
-5.843396186828613281e-01
1.875599145889282227e+00
-1.098816514015197754e+00
1.696034908294677734e+00
3.351659774780273438e+00
-1.944592475891113281e+00
2.606570482254028320e+00
4.184075355529785156e+00
-4.133306980133056641e+00
3.152442216873168945e+00
-1.597622752189636230e+00
-2.100954532623291016e+00
-5.573805049061775208e-02
-3.450667142868041992e+00
1.397293657064437866e-01
-3.922336816787719727e+00
-8.266626596450805664e-01
4.060731887817382812e+00
4.119143486022949219e+00
2.892139852046966553e-01
8.312157988548278809e-01
3.202324628829956055e+00
-2.008515596389770508e+00
-3.406690597534179688e+00
