-1.260680079460144043e+00
1.436383008956909180e+00
2.880037307739257812e+00
-3.354409217834472656e+00
2.119360685348510742e+00
3.217687129974365234e+00
-2.360498905181884766e+00
-2.663125514984130859e+00
-1.633251070976257324e+00
3.357812643051147461e+00
2.742979764938354492e+00
1.468540072441101074e+00
9.593734145164489746e-01
-1.770155787467956543e+00
-9.465953707695007324e-01
-3.287102222442626953e+00
-3.103782415390014648e+00
1.909225106239318848e+00
2.499571561813354492e+00
-3.380989313125610352e+00
-1.503562092781066895e+00
-3.340953826904296875e+00
-3.340115308761596680e+00
-6.163744330406188965e-01
1.184458136558532715e+00
6.118530631065368652e-01
-3.347027540206909180e+00
-1.542050361633300781e+00
-4.658190906047821045e-01
2.177982091903686523e+00
