-8.692737221717834473e-01
7.799836397171020508e-01
-5.122647881507873535e-01
-4.616135656833648682e-01
-1.278563618659973145e+00
9.269896745681762695e-01
8.075768351554870605e-01
9.340204000473022461e-01
1.326177239418029785e+00
8.902024626731872559e-01
-6.653302311897277832e-01
-5.544039011001586914e-01
-1.195614099502563477e+00
1.314991116523742676e+00
9.914206862449645996e-01
9.479115903377532959e-02
7.293683886528015137e-01
1.337693214416503906e+00
1.195639491081237793e+00
1.327412366867065430e+00
6.932286024093627930e-01
5.399354696273803711e-01
1.256161451339721680e+00
5.523233413696289062e-01
2.373385727405548096e-01
-4.188883006572723389e-01
-6.753666400909423828e-01
-3.585216999053955078e-01
1.291390299797058105e+00
1.144406199455261230e+00
