2.071892499923706055e+00
2.431943893432617188e+00
-1.860520124435424805e+00
-1.618996262550354004e-01
2.163430929183959961e+00
-1.189379096031188965e+00
2.456554174423217773e+00
-3.458156287670135498e-01
1.947572350502014160e+00
2.654371261596679688e+00
-1.570539176464080811e-01
1.707012295722961426e+00
2.256063699722290039e+00
-1.267123699188232422e+00
1.413217544555664062e+00
2.643305540084838867e+00
1.351481556892395020e+00
-9.695615768432617188e-01
-6.952352523803710938e-01
2.447169303894042969e+00
2.507796525955200195e+00
2.355533838272094727e+00
2.375968217849731445e+00
-2.456439733505249023e+00
-2.151600360870361328e+00
-2.604435443878173828e+00
1.839729428291320801e+00
-2.212089776992797852e+00
9.856460988521575928e-02
-1.567981123924255371e+00
