1.436302423477172852e+00
-2.068230628967285156e+00
-3.184192180633544922e+00
1.309701681137084961e+00
-2.272355318069458008e+00
2.520110845565795898e+00
-7.473470568656921387e-01
7.896255850791931152e-01
-2.539040565490722656e+00
-1.414024084806442261e-01
-1.273102641105651855e+00
3.108915388584136963e-01
-2.072726726531982422e+00
-1.475936412811279297e+00
1.431554079055786133e+00
-1.472831368446350098e+00
2.826014518737792969e+00
2.842417240142822266e+00
-9.465433359146118164e-01
-2.623459100723266602e+00
-1.575134754180908203e+00
-1.066560745239257812e+00
3.180384635925292969e+00
-9.891018271446228027e-02
-8.465206027030944824e-01
-3.082127094268798828e+00
-7.701378464698791504e-01
2.155146837234497070e+00
1.848587632179260254e+00
2.579700946807861328e+00
