-9.701586365699768066e-01
-2.026556968688964844e+00
-2.623103141784667969e+00
3.676319122314453125e-01
-2.450497865676879883e+00
4.669103324413299561e-01
-1.919287800788879395e+00
2.350774049758911133e+00
1.367424488067626953e+00
-2.554644823074340820e+00
7.992670536041259766e-01
-2.296677350997924805e+00
-2.464182376861572266e+00
2.280037641525268555e+00
-1.954711079597473145e+00
-1.388256311416625977e+00
2.049066781997680664e+00
2.618925571441650391e+00
-1.020904704928398132e-01
2.240126371383666992e+00
-2.370259761810302734e+00
1.936373353004455566e+00
2.229531526565551758e+00
2.368368625640869141e+00
-2.550193548202514648e+00
-2.594379901885986328e+00
2.588277578353881836e+00
2.151087045669555664e+00
2.532834112644195557e-01
5.542526245117187500e-01
