1.825227975845336914e+00
-1.446996212005615234e+00
-1.148696064949035645e+00
-1.760168075561523438e+00
2.792466878890991211e-01
-3.592335432767868042e-02
-5.319735407829284668e-01
-3.841989636421203613e-01
1.761619448661804199e+00
-1.809670209884643555e+00
-1.784147739410400391e+00
-9.923502206802368164e-01
-1.645024538040161133e+00
1.232759714126586914e+00
-3.966570198535919189e-01
-1.809552907943725586e+00
-1.801651477813720703e+00
2.589521743357181549e-02
9.989428520202636719e-01
-1.359960436820983887e+00
-1.784886479377746582e+00
-1.370141386985778809e+00
3.580192103981971741e-02
-1.809820771217346191e+00
-6.442623734474182129e-01
-9.877656102180480957e-01
-2.401009351015090942e-01
-1.664982795715332031e+00
-1.796612262725830078e+00
-1.781515359878540039e+00
