3.760296583175659180e+00
-3.745397567749023438e+00
2.520064592361450195e+00
3.450287818908691406e+00
-1.124836057424545288e-01
-2.076923131942749023e+00
-7.177940011024475098e-01
1.521035790443420410e+00
2.098438590764999390e-01
-3.712056875228881836e+00
1.380466222763061523e+00
-1.276118874549865723e+00
2.205097675323486328e+00
3.666442632675170898e+00
3.682841300964355469e+00
-1.466409683227539062e+00
1.042450189590454102e+00
3.584696292877197266e+00
2.806237459182739258e+00
-1.340715765953063965e+00
1.653689146041870117e-01
-1.924966096878051758e+00
1.782788038253784180e+00
2.871299982070922852e-01
7.924728989601135254e-01
-2.421862840652465820e+00
-1.479399204254150391e+00
3.340120792388916016e+00
2.719958782196044922e+00
1.071800217032432556e-01
