3.516948223114013672e+00
2.854724884033203125e+00
-3.530022144317626953e+00
6.682778149843215942e-02
-3.131877899169921875e+00
-2.971972823143005371e-01
-2.755048274993896484e+00
-3.512104272842407227e+00
-2.228618144989013672e+00
2.906420946121215820e+00
-3.065467774868011475e-01
1.697894483804702759e-01
-6.741850823163986206e-02
-1.986911594867706299e-01
-3.353531837463378906e+00
-1.074045896530151367e+00
3.076346635818481445e+00
1.664528489112854004e+00
6.862397789955139160e-01
3.562160491943359375e+00
-2.403738737106323242e+00
-2.105207443237304688e+00
2.862661361694335938e+00
-3.503608465194702148e+00
7.718703150749206543e-01
-1.504062116146087646e-01
2.637711763381958008e-01
-3.217171430587768555e+00
1.088115334510803223e+00
1.456794142723083496e+00
