1.132841467857360840e+00
-1.354892730712890625e+00
1.153460860252380371e+00
1.112317442893981934e+00
1.341895461082458496e+00
8.216743171215057373e-02
-1.283021330833435059e+00
-1.340431094169616699e+00
-1.019046545028686523e+00
-1.335915207862854004e+00
1.029899358749389648e+00
1.282155275344848633e+00
-1.742986440658569336e-01
8.419374227523803711e-01
8.793163299560546875e-01
-1.156399369239807129e+00
8.106815218925476074e-01
-4.595335125923156738e-01
1.361803293228149414e+00
1.804466098546981812e-01
8.617691397666931152e-01
9.368790388107299805e-01
-1.312735557556152344e+00
-1.340541839599609375e+00
4.594361037015914917e-02
-1.336006402969360352e+00
6.121605038642883301e-01
-8.869912624359130859e-01
1.328217744827270508e+00
6.104855537414550781e-01
