4.477038860321044922e+00
2.664545774459838867e+00
1.689724922180175781e-01
-3.963825106620788574e-01
1.026431798934936523e+00
1.361913681030273438e-01
2.807131052017211914e+00
-4.428939819335937500e+00
-2.916916370391845703e+00
-4.901151180267333984e+00
4.827987194061279297e+00
-3.130595445632934570e+00
4.578869342803955078e+00
1.443229675292968750e+00
-4.751026153564453125e+00
4.824205875396728516e+00
1.746417880058288574e+00
4.834470748901367188e+00
-3.421658039093017578e+00
4.762110233306884766e+00
4.848848819732666016e+00
-3.180491209030151367e+00
-5.107640624046325684e-01
-2.520776748657226562e+00
-4.861254215240478516e+00
-1.704094648361206055e+00
-4.798353672027587891e+00
-3.879600763320922852e+00
1.019009351730346680e+00
4.630569934844970703e+00
