2.160354614257812500e+00
1.057529568672180176e+00
-2.255093097686767578e+00
-2.322677850723266602e+00
-1.190681576728820801e+00
3.327949345111846924e-01
-1.321231245994567871e+00
-3.065637588500976562e+00
6.831118464469909668e-01
9.703210592269897461e-01
1.831098437309265137e+00
-2.291582822799682617e+00
-1.450053453445434570e-01
-1.910865068435668945e+00
2.452375173568725586e+00
-8.684005737304687500e-01
-2.339611530303955078e+00
-1.182921051979064941e+00
-3.048494815826416016e+00
2.744576930999755859e+00
2.898767471313476562e+00
7.326959967613220215e-01
-2.904210567474365234e+00
2.137569665908813477e+00
-2.748203516006469727e+00
-2.309247255325317383e+00
2.720544099807739258e+00
-2.452195882797241211e+00
-2.125245332717895508e+00
-2.954991102218627930e+00
