7.053871750831604004e-01
2.563363909721374512e-01
-1.230316758155822754e+00
1.929203748703002930e+00
1.562467575073242188e+00
-7.826089859008789062e-01
1.698506593704223633e+00
1.641083002090454102e+00
4.106427729129791260e-01
-1.938281893730163574e+00
-1.055554628372192383e+00
1.041326284408569336e+00
1.787773609161376953e+00
-6.473163962364196777e-01
1.523700118064880371e+00
-1.957573890686035156e+00
1.874185800552368164e+00
-3.662630915641784668e-01
-6.559256911277770996e-01
-7.350417226552963257e-02
-1.753864288330078125e+00
-4.148537516593933105e-01
6.602203845977783203e-02
1.261842727661132812e+00
1.942166686058044434e+00
-1.322238206863403320e+00
-1.093181897886097431e-03
-1.285637617111206055e+00
-1.866328477859497070e+00
-8.434246182441711426e-01
