4.250355243682861328e+00
2.665199041366577148e+00
3.786021947860717773e+00
-4.376691341400146484e+00
-2.246325492858886719e+00
-4.551261901855468750e+00
-3.401813983917236328e+00
-8.354491591453552246e-01
4.554891586303710938e+00
-2.400629043579101562e+00
4.222681522369384766e+00
2.283965826034545898e+00
-3.707844018936157227e+00
3.263365030288696289e+00
-4.523090362548828125e+00
4.616399295628070831e-03
-6.011160612106323242e-01
-4.518050193786621094e+00
2.066423177719116211e+00
1.883895397186279297e+00
-3.976021051406860352e+00
-1.322301983833312988e+00
-2.677407503128051758e+00
4.548987388610839844e+00
-4.286432266235351562e+00
4.529662609100341797e+00
4.388006687164306641e+00
3.823755979537963867e+00
1.026516318321228027e+00
1.983103990554809570e+00
