-3.876852273941040039e+00
-3.839275121688842773e+00
-7.847326397895812988e-01
-2.028849601745605469e+00
-2.169744014739990234e+00
-3.671028852462768555e+00
-1.433905482292175293e+00
-1.359678268432617188e+00
-1.337460517883300781e+00
3.508318901062011719e+00
4.120515346527099609e+00
4.096577167510986328e+00
4.079928874969482422e+00
2.260210514068603516e+00
-5.298026800155639648e-01
3.788461923599243164e+00
4.138458728790283203e+00
-2.880090475082397461e+00
-3.148498773574829102e+00
2.382756710052490234e+00
3.692007780075073242e+00
3.921984434127807617e-01
-3.061320304870605469e+00
-3.687726259231567383e+00
3.340473890304565430e+00
-7.291804552078247070e-01
2.824072599411010742e+00
-2.294955730438232422e+00
1.301580548286437988e+00
9.063643217086791992e-01
