-4.380768775939941406e+00
2.117375373840332031e+00
-1.890126429498195648e-02
-3.444485425949096680e+00
3.416041851043701172e+00
-2.741538047790527344e+00
-3.316094875335693359e+00
-4.367462158203125000e+00
-2.325741052627563477e+00
1.680495500564575195e+00
2.110525369644165039e+00
1.566261291503906250e+00
4.257750511169433594e+00
-6.964917778968811035e-01
2.735127449035644531e+00
6.116790175437927246e-01
4.043767452239990234e+00
-1.181826353073120117e+00
9.124591946601867676e-01
2.206415414810180664e+00
-4.120728969573974609e+00
-1.867053806781768799e-01
4.186503887176513672e+00
-2.516519546508789062e+00
4.069217205047607422e+00
-3.352984666824340820e+00
-2.944467306137084961e+00
-4.257153511047363281e+00
1.427284479141235352e-01
-6.601670384407043457e-01
