7.012414336204528809e-01
8.170492053031921387e-01
-6.139382719993591309e-01
6.087551116943359375e-01
3.314945399761199951e-01
1.012431621551513672e+00
2.335672676563262939e-01
-1.195698261260986328e+00
9.234673380851745605e-01
1.226753830909729004e+00
-3.390316963195800781e-01
9.263898432254791260e-02
-1.084939241409301758e+00
-1.220511436462402344e+00
-1.171617746353149414e+00
4.325060546398162842e-01
1.140348553657531738e+00
1.159407496452331543e+00
1.218243479728698730e+00
1.857880689203739166e-02
1.153047919273376465e+00
2.371904253959655762e-01
9.979573488235473633e-01
-1.198003768920898438e+00
-1.011963009834289551e+00
9.091337323188781738e-01
-4.874103069305419922e-01
-1.211621165275573730e+00
-7.468855381011962891e-01
-2.494049072265625000e-01
