1.200859427452087402e+00
1.133348584175109863e+00
-8.825703859329223633e-01
1.203577637672424316e+00
8.170024156570434570e-01
4.415959119796752930e-01
-6.312115192413330078e-01
1.166573643684387207e+00
1.557203978300094604e-01
1.225147485733032227e+00
5.252466201782226562e-01
-1.224517107009887695e+00
1.220519766211509705e-01
4.478253126144409180e-01
1.186029314994812012e+00
-5.149705410003662109e-01
1.203452825546264648e+00
9.365791678428649902e-01
1.225571751594543457e+00
1.174273729324340820e+00
4.892360270023345947e-01
3.611430525779724121e-01
1.039848685264587402e+00
1.213680028915405273e+00
9.440676569938659668e-01
-1.047168970108032227e+00
-1.137287497520446777e+00
2.045011222362518311e-01
-9.569370746612548828e-01
-9.937199354171752930e-01
