5.907306075096130371e-01
-1.758152842521667480e+00
3.640941977500915527e-01
1.686175346374511719e+00
4.277838468551635742e-01
1.468952178955078125e+00
-1.352548480033874512e+00
1.002125978469848633e+00
-1.561105489730834961e+00
1.335880160331726074e+00
-1.751275300979614258e+00
1.289547562599182129e+00
1.586694240570068359e+00
1.027479410171508789e+00
7.540375590324401855e-01
-5.415546298027038574e-01
1.326313734054565430e+00
1.621800899505615234e+00
1.134382963180541992e+00
9.109479188919067383e-01
7.600514888763427734e-01
9.918811321258544922e-01
6.105559468269348145e-01
1.284691572189331055e+00
-8.338919281959533691e-01
5.087319612503051758e-01
1.744172453880310059e+00
1.137001872062683105e+00
1.640922784805297852e+00
8.074375391006469727e-01
