1.327831864356994629e+00
1.050622940063476562e+00
-4.775298833847045898e-01
-1.818248033523559570e+00
2.438904762268066406e+00
5.768041014671325684e-01
2.563227415084838867e+00
-8.500154614448547363e-01
1.311923384666442871e+00
2.424068689346313477e+00
-1.636968851089477539e+00
-2.287580728530883789e+00
2.446133613586425781e+00
-1.362779378890991211e+00
-1.997880578041076660e+00
-2.490024089813232422e+00
-1.791381478309631348e+00
-1.286118924617767334e-01
9.459409713745117188e-01
2.231833696365356445e+00
-2.032936573028564453e+00
2.223565816879272461e+00
-1.355371832847595215e+00
-2.442439079284667969e+00
7.534103393554687500e-01
-7.636561393737792969e-01
-2.153076887130737305e+00
2.470808267593383789e+00
2.463404178619384766e+00
6.372514963150024414e-01
