-2.831918478012084961e+00
-4.404306411743164062e+00
-2.247391700744628906e+00
4.771553516387939453e+00
3.404047727584838867e+00
4.793432712554931641e+00
-4.705637931823730469e+00
3.141410350799560547e+00
4.509332656860351562e+00
-3.190472364425659180e+00
4.834818363189697266e+00
-7.860965728759765625e-01
2.418632507324218750e+00
-2.350139856338500977e+00
2.718951463699340820e+00
4.653517723083496094e+00
4.391689300537109375e+00
-3.417992830276489258e+00
4.107779979705810547e+00
2.573746681213378906e+00
-2.495840549468994141e+00
4.046400547027587891e+00
-1.161636590957641602e+00
-5.980800390243530273e-01
-4.316208362579345703e+00
3.913675546646118164e+00
-5.695784091949462891e-01
3.060231208801269531e+00
2.654898405075073242e+00
3.614490509033203125e+00
