-3.423881769180297852e+00
3.323744773864746094e+00
-3.593039035797119141e+00
-3.632864475250244141e+00
3.487461090087890625e+00
3.690097093582153320e+00
2.786969423294067383e+00
-2.917713642120361328e+00
9.190936088562011719e-01
-2.967444181442260742e+00
-8.775161504745483398e-01
-2.129415273666381836e+00
7.548219561576843262e-01
3.018687009811401367e+00
2.878776550292968750e+00
1.352438330650329590e+00
-5.379061102867126465e-01
-3.646812438964843750e+00
3.425589799880981445e+00
3.615883111953735352e+00
2.133736848831176758e+00
-1.449606537818908691e+00
2.892337560653686523e+00
-1.679111480712890625e+00
-2.818722248077392578e+00
-6.626051068305969238e-01
2.874882221221923828e+00
3.563450098037719727e+00
-3.645618200302124023e+00
3.365275144577026367e+00
