-4.547590389847755432e-02
-6.744189858436584473e-01
1.506280303001403809e+00
1.504013180732727051e+00
-3.715278580784797668e-02
1.469668507575988770e+00
-1.550508499145507812e+00
1.633112281560897827e-01
1.545310378074645996e+00
-1.523219823837280273e+00
4.049282670021057129e-01
1.315620422363281250e+00
-1.519425392150878906e+00
6.554887890815734863e-01
1.543347716331481934e+00
-8.021129369735717773e-01
-1.325476408004760742e+00
-1.297414541244506836e+00
1.488227963447570801e+00
1.239027306437492371e-01
1.227825403213500977e+00
1.569090604782104492e+00
-8.260651230812072754e-01
-1.283550381660461426e+00
9.123816341161727905e-02
-1.446106314659118652e+00
1.369253396987915039e+00
3.054186403751373291e-01
2.074479311704635620e-01
-4.800397157669067383e-01
