-1.230165362358093262e+00
-3.665912866592407227e+00
3.805086851119995117e+00
-4.267997741699218750e+00
-4.161028385162353516e+00
2.188544034957885742e+00
4.389466762542724609e+00
4.392379760742187500e+00
3.073296308517456055e+00
-4.228113174438476562e+00
-2.744922876358032227e+00
3.110623657703399658e-01
2.998220443725585938e+00
-4.424655914306640625e+00
1.656953573226928711e+00
4.378419399261474609e+00
3.696115612983703613e-01
-3.736648559570312500e+00
-2.155200481414794922e+00
-9.999076128005981445e-01
3.099022388458251953e+00
3.749973297119140625e+00
-1.682015895843505859e+00
-1.725926518440246582e+00
3.724492311477661133e+00
3.996590614318847656e+00
-2.786269426345825195e+00
-7.013596892356872559e-01
3.942334175109863281e+00
-3.268302917480468750e+00
