-1.927186727523803711e+00
-2.800278067588806152e-01
-2.107256174087524414e+00
2.250351905822753906e+00
2.249532222747802734e+00
2.131959676742553711e+00
-2.427911520004272461e+00
2.069586038589477539e+00
-2.642071485519409180e+00
8.099896311759948730e-01
-2.617358207702636719e+00
-2.668372631072998047e+00
-2.615754365921020508e+00
-1.550381183624267578e+00
3.264742195606231689e-01
-2.201256990432739258e+00
-1.128438234329223633e+00
2.522466421127319336e+00
1.862965226173400879e+00
-7.421616315841674805e-01
2.091451168060302734e+00
5.712867379188537598e-01
2.311298608779907227e+00
-2.433266878128051758e+00
-2.075975418090820312e+00
-2.020292758941650391e+00
-2.600783348083496094e+00
-2.264596462249755859e+00
2.533050060272216797e+00
9.065108895301818848e-01
