-3.118150830268859863e-01
9.150515198707580566e-01
7.668581604957580566e-01
-1.198732852935791016e+00
-8.055084347724914551e-01
-6.905021071434020996e-01
-5.808423757553100586e-01
6.137267351150512695e-01
-2.867943942546844482e-01
4.405259788036346436e-01
-1.174688458442687988e+00
-7.059124708175659180e-01
-1.213433384895324707e+00
-1.077857613563537598e+00
-8.835457563400268555e-01
8.707954883575439453e-01
4.013376235961914062e-01
-1.775381267070770264e-01
1.057249158620834351e-01
-7.312465906143188477e-01
-1.030371785163879395e+00
5.569337308406829834e-02
5.951167941093444824e-01
-1.206328034400939941e+00
-1.192295074462890625e+00
-8.914830088615417480e-01
-8.396728336811065674e-02
9.948588013648986816e-01
-9.179880023002624512e-01
-6.044732332229614258e-01
