3.352802753448486328e+00
3.730358123779296875e+00
-3.154780387878417969e+00
3.336396455764770508e+00
3.146649360656738281e+00
1.076023697853088379e+00
3.821262598037719727e+00
-1.591900467872619629e+00
-2.884499788284301758e+00
3.636868953704833984e+00
-3.780330181121826172e+00
2.574358463287353516e+00
2.188847064971923828e+00
-2.258729219436645508e+00
3.117222309112548828e+00
1.416933834552764893e-01
3.769206285476684570e+00
5.546863079071044922e-01
-2.243609428405761719e+00
-3.168920516967773438e+00
-3.682715177536010742e+00
3.827865839004516602e+00
3.246307611465454102e+00
4.135145843029022217e-01
3.754508733749389648e+00
3.798890829086303711e+00
-1.083235263824462891e+00
-2.635880470275878906e+00
-2.778529405593872070e+00
2.223292589187622070e+00
