3.291007757186889648e+00
-1.152788400650024414e+00
3.107669115066528320e+00
2.679901599884033203e+00
-1.514811754226684570e+00
-3.124529838562011719e+00
-2.760543584823608398e+00
-3.411789417266845703e+00
3.569093227386474609e+00
8.508725762367248535e-01
4.481452703475952148e-01
2.942387580871582031e+00
-1.492971301078796387e+00
2.499279260635375977e+00
-3.257244110107421875e+00
2.910228729248046875e+00
3.308477878570556641e+00
2.718564867973327637e-01
-3.010313272476196289e+00
9.386321902275085449e-01
-3.506189107894897461e+00
2.218876034021377563e-01
1.865396499633789062e+00
-3.458486318588256836e+00
2.978369951248168945e+00
2.947547912597656250e+00
1.504420876502990723e+00
-2.087632179260253906e+00
3.500556707382202148e+00
3.438534736633300781e+00
