-1.162465691566467285e+00
-1.330462694168090820e+00
8.686572313308715820e-01
-1.001386046409606934e+00
-1.281565785408020020e+00
1.194516658782958984e+00
-4.005759954452514648e-01
1.017009258270263672e+00
-1.259854435920715332e+00
-9.353739619255065918e-01
9.364523291587829590e-01
-1.171904727816581726e-01
-7.536478042602539062e-01
-5.732097625732421875e-01
9.967924356460571289e-01
1.275894284248352051e+00
1.317775130271911621e+00
-1.062456011772155762e+00
1.196320176124572754e+00
3.175951540470123291e-01
-7.745566368103027344e-01
-6.150331813842058182e-03
1.140979051589965820e+00
3.957260251045227051e-01
-3.206719160079956055e-01
-1.310237646102905273e+00
-1.140317916870117188e+00
9.611741900444030762e-01
1.069297552108764648e+00
-1.134689211845397949e+00
