-2.343527317047119141e+00
1.801978945732116699e+00
-8.349109292030334473e-01
2.219983100891113281e+00
1.521743297576904297e+00
1.970359832048416138e-01
1.983208775520324707e+00
-1.394167304039001465e+00
2.150690078735351562e+00
-5.177972316741943359e-01
1.536427855491638184e+00
-9.511283040046691895e-01
-2.179745674133300781e+00
2.057698488235473633e+00
-2.335568904876708984e+00
3.822034224867820740e-02
2.146074533462524414e+00
2.338235378265380859e+00
-1.627009630203247070e+00
-1.635094642639160156e+00
2.135860443115234375e+00
-1.772025108337402344e+00
2.362907648086547852e+00
-2.233205318450927734e+00
2.010951042175292969e+00
2.880660295486450195e-01
1.994516611099243164e+00
-2.841867879033088684e-02
1.048379898071289062e+00
2.157980203628540039e+00
