-2.829456090927124023e+00
-1.523787260055541992e+00
-5.473304986953735352e-01
-2.389241695404052734e+00
-4.103458821773529053e-01
1.486098766326904297e+00
2.063022702932357788e-01
2.736040830612182617e+00
1.649116396903991699e+00
2.137044191360473633e+00
-2.766386508941650391e+00
7.126692533493041992e-01
9.923884868621826172e-01
1.849556446075439453e+00
-6.294794678688049316e-01
-8.359251618385314941e-01
-2.783553123474121094e+00
2.326896190643310547e+00
-2.165442943572998047e+00
-2.867081403732299805e+00
2.363043546676635742e+00
-1.755823135375976562e+00
2.842813253402709961e+00
2.525140762329101562e+00
2.242399692535400391e+00
-2.683585882186889648e+00
-2.897913694381713867e+00
2.125524759292602539e+00
-1.871823549270629883e+00
-1.571214914321899414e+00
