-3.732806205749511719e+00
4.046676158905029297e+00
-1.835880160331726074e+00
2.177872896194458008e+00
-3.515044212341308594e+00
-4.150506019592285156e+00
-3.108644008636474609e+00
2.578835725784301758e+00
-4.158529639244079590e-01
-2.960261344909667969e+00
3.858463525772094727e+00
-4.142255306243896484e+00
-1.186440229415893555e+00
3.135518312454223633e+00
-1.512129068374633789e+00
-3.689356565475463867e+00
1.714774727821350098e+00
-2.115610599517822266e+00
-1.027671813964843750e+00
4.139203548431396484e+00
-2.442682266235351562e+00
3.017942667007446289e+00
1.068624138832092285e+00
-8.927309513092041016e-02
-4.186239719390869141e+00
7.528768777847290039e-01
4.178518772125244141e+00
-7.790661454200744629e-01
-3.708333969116210938e+00
-3.419177532196044922e+00
