2.111093282699584961e+00
-5.637482404708862305e-01
-2.965820431709289551e-01
9.254472851753234863e-01
-2.067068815231323242e+00
-8.019377589225769043e-01
2.109396457672119141e-01
-2.457021951675415039e+00
-1.075384259223937988e+00
-2.164871454238891602e+00
2.500171184539794922e+00
1.708561897277832031e+00
-2.544245004653930664e+00
6.324930787086486816e-01
-2.426906585693359375e+00
-2.558340072631835938e+00
-2.427967786788940430e+00
-1.189494609832763672e+00
-1.311148524284362793e+00
4.234823286533355713e-01
2.276759624481201172e+00
-2.490034103393554688e+00
1.863444805145263672e+00
-9.918850064277648926e-01
-1.331988692283630371e+00
1.189947247505187988e+00
2.548793554306030273e+00
-1.496698021888732910e+00
2.368642807006835938e+00
4.220160245895385742e-01
