2.036415100097656250e+00
2.721101999282836914e+00
2.770238637924194336e+00
3.253298759460449219e+00
-3.584807634353637695e+00
1.395512223243713379e+00
2.975012063980102539e+00
-1.465950965881347656e+00
2.699416399002075195e+00
3.292293310165405273e+00
-1.293520808219909668e+00
3.667448759078979492e+00
3.589147806167602539e+00
-1.696045756340026855e+00
-1.497058868408203125e+00
-3.092609167098999023e+00
-3.809577703475952148e+00
-1.454155206680297852e+00
2.260909557342529297e+00
-2.501283407211303711e+00
2.675780057907104492e+00
-3.634508848190307617e+00
-3.572112083435058594e+00
3.826105117797851562e+00
-3.999344110488891602e-01
-3.692049741744995117e+00
-3.860738575458526611e-01
-3.682927370071411133e+00
5.011197328567504883e-01
-3.265049457550048828e-01
