2.924897670745849609e+00
-5.440989136695861816e-01
3.414959311485290527e-01
-7.650832533836364746e-01
1.791215837001800537e-01
-2.730429887771606445e+00
-1.807216525077819824e+00
2.257804721593856812e-01
-2.934166669845581055e+00
-2.503565847873687744e-01
2.182836294174194336e+00
-2.801757097244262695e+00
-2.370615959167480469e+00
-1.350045800209045410e+00
-1.544108271598815918e+00
2.864567995071411133e+00
-2.551539659500122070e+00
-2.643402576446533203e+00
-1.565615773200988770e+00
2.703389406204223633e+00
-1.343925476074218750e+00
-2.697579860687255859e+00
-1.792570710182189941e+00
-1.422882914543151855e+00
2.951002597808837891e+00
3.000253438949584961e+00
1.762826919555664062e+00
5.358607321977615356e-02
-1.754265189170837402e+00
-2.976325035095214844e+00
