-2.343067169189453125e+00
-4.223798274993896484e+00
-4.948708534240722656e+00
-4.845996379852294922e+00
-2.711958169937133789e+00
4.959471702575683594e+00
-4.482471466064453125e+00
-4.930718421936035156e+00
-4.774666309356689453e+00
-2.305022954940795898e+00
3.596085071563720703e+00
4.525808811187744141e+00
4.130739212036132812e+00
-1.356022477149963379e+00
-5.002162456512451172e+00
-1.970227241516113281e+00
4.609347820281982422e+00
-1.474396109580993652e+00
-8.173446655273437500e-01
-3.603787660598754883e+00
-4.008608311414718628e-02
4.231140613555908203e+00
-4.390479564666748047e+00
-4.952126026153564453e+00
-3.175356149673461914e+00
-1.643222808837890625e+00
-6.526926755905151367e-01
-3.241869211196899414e+00
3.766593933105468750e+00
4.901847362518310547e+00
