1.548063278198242188e+00
-4.230943202972412109e+00
3.623555660247802734e+00
3.276639461517333984e+00
-4.285088539123535156e+00
-6.069592237472534180e-01
-9.414399862289428711e-01
-3.912539005279541016e+00
2.264757394790649414e+00
1.446633577346801758e+00
-6.331081986427307129e-01
-3.530484437942504883e+00
3.907888412475585938e+00
-2.935634613037109375e+00
1.796538233757019043e+00
4.292831897735595703e+00
2.550994634628295898e+00
1.139808654785156250e+00
3.465727806091308594e+00
2.083278179168701172e+00
4.481355190277099609e+00
1.439304202795028687e-01
2.781495809555053711e+00
-1.076666340231895447e-01
1.023494839668273926e+00
-2.671126842498779297e+00
7.980289459228515625e-01
-3.330793857574462891e+00
1.841333746910095215e+00
-2.753746032714843750e+00
