-2.875124216079711914e+00
-1.850915193557739258e+00
-2.910501241683959961e+00
1.267903596162796021e-01
8.882768154144287109e-01
1.743990421295166016e+00
-2.161476612091064453e+00
1.049255654215812683e-01
-1.954151153564453125e+00
2.853966474533081055e+00
9.913572669029235840e-01
2.610565900802612305e+00
-2.749240398406982422e+00
4.133629798889160156e-01
2.602139949798583984e+00
-2.832045555114746094e+00
2.391752958297729492e+00
-1.918819189071655273e+00
8.645310997962951660e-01
-2.624902486801147461e+00
-2.922097444534301758e+00
2.614192962646484375e+00
-1.423749923706054688e+00
-1.837473809719085693e-01
-2.922492504119873047e+00
-2.889706373214721680e+00
-4.358823001384735107e-01
-2.765731811523437500e+00
-3.018709182739257812e+00
2.893764972686767578e+00
