4.119833946228027344e+00
-3.119814395904541016e-01
1.427817225456237793e+00
4.111648082733154297e+00
-3.889911174774169922e+00
-4.000282764434814453e+00
-1.045896887779235840e+00
-1.389326453208923340e+00
-2.116668224334716797e+00
3.299030065536499023e+00
2.765498399734497070e+00
2.545775413513183594e+00
-9.883744120597839355e-01
1.921097874641418457e+00
-4.042704582214355469e+00
-3.248499631881713867e+00
4.925120472908020020e-01
-3.759647369384765625e+00
-1.083271622657775879e+00
1.548792481422424316e+00
-2.581790924072265625e+00
3.751957654953002930e+00
8.661867380142211914e-01
2.157442569732666016e+00
4.164390563964843750e+00
-2.416930437088012695e+00
-4.012452602386474609e+00
-7.554850578308105469e-01
-4.090428352355957031e+00
3.679512500762939453e+00
