-9.624456763267517090e-01
3.036516427993774414e+00
4.361731708049774170e-01
3.531084060668945312e+00
-3.818031251430511475e-01
2.016152381896972656e+00
2.550421953201293945e+00
-3.506817340850830078e+00
-8.845553398132324219e-01
-2.638083696365356445e+00
-1.325229287147521973e+00
-6.741762757301330566e-01
-2.841775655746459961e+00
2.455011129379272461e+00
3.145521402359008789e+00
-2.668564558029174805e+00
-2.126858711242675781e+00
-3.365487098693847656e+00
3.246607303619384766e+00
-2.786450862884521484e+00
-2.513479471206665039e+00
-3.519536256790161133e+00
-5.798067450523376465e-01
7.394518703222274780e-02
-3.506023406982421875e+00
-7.763928771018981934e-01
3.412383079528808594e+00
3.038927555084228516e+00
-3.314574480056762695e+00
-2.715226411819458008e+00
