-3.588008403778076172e+00
-3.686611890792846680e+00
-2.605724573135375977e+00
-9.047356992959976196e-02
-1.841265082359313965e+00
-2.189876556396484375e+00
-3.543720483779907227e+00
3.607718467712402344e+00
7.076396346092224121e-01
3.189754247665405273e+00
2.994845390319824219e+00
3.016777276992797852e+00
-3.177468299865722656e+00
-3.446084737777709961e+00
3.104268312454223633e+00
2.200452566146850586e+00
-2.866852283477783203e+00
-2.722671926021575928e-01
3.348155260086059570e+00
-1.962519437074661255e-01
-3.672293424606323242e+00
2.308883428573608398e+00
-3.469099521636962891e+00
2.738398075103759766e+00
5.124375820159912109e-01
3.540233373641967773e+00
2.988152742385864258e+00
3.470006942749023438e+00
-3.678715705871582031e+00
3.435876369476318359e-01
