-3.871666669845581055e+00
6.982156038284301758e-01
-3.670686721801757812e+00
1.347915887832641602e+00
-3.177453041076660156e+00
3.099731206893920898e+00
1.384683370590209961e+00
3.900269508361816406e+00
1.098351240158081055e+00
7.229390740394592285e-01
-2.810197114944458008e+00
3.899902343750000000e+00
-3.653166532516479492e+00
2.088399171829223633e+00
-3.172800779342651367e+00
-1.477276563644409180e+00
3.874033689498901367e+00
3.172514915466308594e+00
3.412265539169311523e+00
3.598691463470458984e+00
-3.048587560653686523e+00
-3.201696157455444336e+00
2.479476690292358398e+00
1.962789297103881836e+00
-8.961134552955627441e-01
5.307844877243041992e-01
-1.452867865562438965e+00
2.070161819458007812e+00
3.770183801651000977e+00
-1.431053876876831055e+00
