-4.201549530029296875e+00
-4.370339393615722656e+00
-4.484207153320312500e+00
4.472936630249023438e+00
3.176819324493408203e+00
4.036897659301757812e+00
2.484163284301757812e+00
2.070819616317749023e+00
-2.338641405105590820e+00
-1.809645056724548340e+00
-2.659668684005737305e+00
2.011652708053588867e+00
4.460317492485046387e-01
-4.538500308990478516e+00
-4.328141212463378906e+00
-9.350755214691162109e-01
-3.969253063201904297e+00
-3.433977603912353516e+00
-1.551360607147216797e+00
-1.596464991569519043e+00
-2.260911941528320312e+00
-4.522562026977539062e+00
-3.137645721435546875e+00
-2.175662755966186523e+00
-6.748390197753906250e-01
-4.525060653686523438e+00
-2.285774469375610352e+00
-2.191164255142211914e+00
4.285891532897949219e+00
2.318484336137771606e-02
