3.532064437866210938e+00
1.823872566223144531e+00
3.824052810668945312e+00
3.302486896514892578e+00
1.414571166038513184e+00
-3.497050762176513672e+00
3.752123355865478516e+00
2.790496587753295898e+00
-3.819026708602905273e+00
-2.560144662857055664e+00
9.881628155708312988e-01
-2.022875785827636719e+00
3.321465253829956055e+00
3.846846580505371094e+00
-2.285214185714721680e+00
-3.608107805252075195e+00
-1.064601540565490723e+00
-1.079902052879333496e+00
8.517428040504455566e-01
1.801440238952636719e+00
-6.583738923072814941e-01
1.312410831451416016e+00
2.192857265472412109e+00
-9.158849716186523438e-01
3.800930976867675781e+00
1.990048289299011230e+00
7.082778215408325195e-01
-3.438549518585205078e+00
3.146222591400146484e+00
3.147337436676025391e-01
