-2.186280012130737305e+00
-2.702842473983764648e+00
2.782619237899780273e+00
-6.583116948604583740e-02
-8.435555100440979004e-01
-2.738109588623046875e+00
9.749124646186828613e-01
-2.430361986160278320e+00
-2.790490388870239258e-01
2.271652698516845703e+00
2.665169000625610352e+00
-1.520890831947326660e+00
2.518801689147949219e+00
-8.335109353065490723e-01
-1.392726659774780273e+00
-3.843101859092712402e-01
7.178964018821716309e-01
-2.709614992141723633e+00
-2.413084745407104492e+00
1.138761401176452637e+00
1.656784176826477051e+00
-1.802320122718811035e+00
1.415022134780883789e+00
2.280701637268066406e+00
1.606633186340332031e+00
2.625696897506713867e+00
-7.268179059028625488e-01
2.097785472869873047e+00
2.067771673202514648e+00
2.781081199645996094e+00
