-2.505912065505981445e+00
-2.612310171127319336e+00
4.676696360111236572e-01
3.090423583984375000e+00
-2.449742555618286133e+00
1.659055233001708984e+00
1.641971230506896973e+00
-3.039940118789672852e+00
-1.885692715644836426e+00
1.773316144943237305e+00
-3.069098949432373047e+00
-2.442375183105468750e+00
2.939778804779052734e+00
-4.906690418720245361e-01
-1.256920456886291504e+00
2.087529748678207397e-01
1.047165274620056152e+00
2.956755638122558594e+00
-2.985746622085571289e+00
-3.050139904022216797e+00
1.651521921157836914e+00
3.608720600605010986e-01
1.820288300514221191e+00
1.263679027557373047e+00
-2.509599208831787109e+00
3.094978570938110352e+00
-3.131516695022583008e+00
2.977576017379760742e+00
2.016599893569946289e+00
2.450150251388549805e+00
