3.809071540832519531e+00
-1.672056019306182861e-01
-2.506305932998657227e+00
4.137456893920898438e+00
4.124300956726074219e+00
1.680506229400634766e+00
1.924164772033691406e+00
-1.614196777343750000e+00
-3.888263225555419922e+00
4.180690288543701172e+00
-4.161020755767822266e+00
-3.802436590194702148e+00
-4.199057102203369141e+00
-1.607168793678283691e+00
2.975322961807250977e+00
-2.892531156539916992e+00
3.486571788787841797e+00
2.846600770950317383e+00
-3.751466274261474609e+00
-4.219995975494384766e+00
-1.476463794708251953e+00
-4.103607654571533203e+00
-4.075950622558593750e+00
-9.865894317626953125e-01
-3.300288915634155273e+00
2.734596014022827148e+00
-3.373267889022827148e+00
1.911700844764709473e+00
4.135202884674072266e+00
3.968346118927001953e+00
