8.753424286842346191e-01
-6.531056761741638184e-01
-1.241637349128723145e+00
-3.826281130313873291e-01
-1.029703378677368164e+00
1.688379526138305664e+00
-1.139278888702392578e+00
-1.384658217430114746e-01
7.335009574890136719e-01
4.245287179946899414e-01
1.336445808410644531e-01
-1.636888861656188965e+00
1.625593543052673340e+00
1.673480510711669922e+00
-1.055992364883422852e+00
-4.121320545673370361e-01
-8.190320730209350586e-01
-1.080291748046875000e+00
-1.668977260589599609e+00
1.653106212615966797e+00
1.635727763175964355e+00
-1.274712324142456055e+00
1.052975893020629883e+00
3.277556002140045166e-01
-1.412365913391113281e+00
-1.280308365821838379e+00
-1.320552468299865723e+00
-1.593669891357421875e+00
-9.205872416496276855e-01
-8.691774606704711914e-01
