-2.852007448673248291e-01
-3.624245226383209229e-01
-1.713990807533264160e+00
1.097522735595703125e+00
-1.346776604652404785e+00
7.064411640167236328e-01
-3.991940915584564209e-01
1.316152453422546387e+00
-3.500608801841735840e-01
1.939712464809417725e-01
-1.215464115142822266e+00
1.543212175369262695e+00
-9.950302839279174805e-01
-1.178798913955688477e+00
6.849772334098815918e-01
1.520905733108520508e+00
1.263468384742736816e+00
1.163349986076354980e+00
1.369875431060791016e+00
1.332435727119445801e+00
-9.193237423896789551e-01
3.524358868598937988e-01
-1.139498472213745117e+00
1.725080370903015137e+00
-1.723501086235046387e+00
-1.665691614151000977e+00
1.374908566474914551e+00
-5.644464492797851562e-01
-1.254482120275497437e-01
-9.716745615005493164e-01
