-1.516215443611145020e+00
1.903819441795349121e+00
-1.734321355819702148e+00
-1.183598279953002930e+00
1.810436487197875977e+00
3.403654098510742188e-01
-1.582209825515747070e+00
-2.270282268524169922e+00
1.329192519187927246e+00
-3.934987634420394897e-02
-1.181046128273010254e+00
-8.641520142555236816e-01
1.565157771110534668e+00
-1.826242566108703613e+00
-6.582233905792236328e-01
-1.298528611660003662e-01
-2.286918878555297852e+00
1.370017677545547485e-01
-7.914785742759704590e-01
-2.217840433120727539e+00
-1.973026752471923828e+00
-9.846704006195068359e-01
-2.046584129333496094e+00
-9.613518714904785156e-01
-2.247210025787353516e+00
1.839465975761413574e+00
-1.360008725896477699e-03
-6.113836169242858887e-01
-1.876154184341430664e+00
2.186214447021484375e+00
