2.222235351800918579e-01
1.401116013526916504e+00
1.792722821235656738e+00
4.081921875476837158e-01
-1.822364568710327148e+00
1.397510886192321777e+00
1.525148272514343262e+00
-1.836972713470458984e+00
1.211951255798339844e+00
1.345259189605712891e+00
-6.441469192504882812e-01
1.821815967559814453e+00
1.814557790756225586e+00
1.837960600852966309e+00
1.273944497108459473e+00
-5.253210067749023438e-01
1.854054808616638184e+00
-1.288090109825134277e+00
-7.753341794013977051e-01
7.613155245780944824e-01
1.826533079147338867e+00
1.418876528739929199e+00
-1.097689867019653320e+00
7.243734002113342285e-01
4.021636247634887695e-01
6.570996046066284180e-01
1.811530828475952148e+00
-1.491832613945007324e+00
-1.634896755218505859e+00
-1.296005010604858398e+00
