3.455350637435913086e+00
2.745049238204956055e+00
-3.318727731704711914e+00
-1.910777449607849121e+00
-2.049779891967773438e+00
-2.936088740825653076e-01
-1.019866824150085449e+00
2.254650831222534180e+00
-7.510229945182800293e-01
-3.500025987625122070e+00
6.311246156692504883e-01
-2.649744510650634766e+00
-2.632808387279510498e-01
-3.920384943485260010e-01
3.707270145416259766e+00
3.657668352127075195e+00
-3.762039542198181152e-01
-3.440171241760253906e+00
-1.736105442047119141e+00
-1.427211761474609375e+00
-2.702100038528442383e+00
3.821027278900146484e+00
-5.288836359977722168e-01
1.837787389755249023e+00
-1.588167309761047363e+00
3.849992990493774414e+00
4.592790901660919189e-01
1.164009451866149902e+00
8.922928571701049805e-01
-4.886601567268371582e-01
