2.610150098800659180e+00
-1.725793927907943726e-01
-1.376020312309265137e+00
2.197258234024047852e+00
2.882284641265869141e+00
-3.893252313137054443e-01
-9.805135130882263184e-01
-2.913034915924072266e+00
-7.954816222190856934e-01
-2.909402847290039062e+00
8.226472139358520508e-02
-2.807473421096801758e+00
2.940154552459716797e+00
8.283397182822227478e-03
2.136122465133666992e+00
-2.783250331878662109e+00
-2.666058301925659180e+00
2.862453937530517578e+00
1.011381268501281738e+00
-9.461867064237594604e-02
1.899261116981506348e+00
-2.911991596221923828e+00
4.566084742546081543e-01
-2.227499723434448242e+00
2.455175220966339111e-01
-3.838641941547393799e-01
7.153849601745605469e-01
5.413695573806762695e-01
-2.939997911453247070e+00
-3.010446131229400635e-01
