-3.315874814987182617e+00
2.432249784469604492e+00
-1.395428657531738281e+00
1.307717323303222656e+00
1.606480956077575684e+00
-2.003525257110595703e+00
3.345456123352050781e+00
2.972147941589355469e+00
3.315692901611328125e+00
3.310909509658813477e+00
-3.365128517150878906e+00
-2.174917221069335938e+00
8.216339945793151855e-01
-3.323481321334838867e+00
-3.348951101303100586e+00
-2.459284305572509766e+00
3.188612461090087891e+00
2.168638229370117188e+00
-3.359608650207519531e+00
-5.785002112388610840e-01
-2.942760944366455078e+00
2.059634208679199219e+00
-8.776711821556091309e-01
2.914443731307983398e+00
7.385728359222412109e-01
3.006114006042480469e+00
3.117490053176879883e+00
-1.171002984046936035e+00
3.162367343902587891e+00
-1.308592557907104492e-01
