-4.280810832977294922e+00
-3.441783189773559570e+00
-2.511656284332275391e-01
-4.239030838012695312e+00
4.108810901641845703e+00
-5.323932766914367676e-01
-4.158199310302734375e+00
1.401105821132659912e-01
3.258737802505493164e+00
3.858510732650756836e+00
3.826613664627075195e+00
1.307719230651855469e+00
2.194564819335937500e+00
-2.120600081980228424e-02
-4.146307468414306641e+00
-4.218227386474609375e+00
9.355816841125488281e-01
3.204348325729370117e+00
-3.999570131301879883e+00
2.334218263626098633e+00
-3.652998685836791992e+00
-4.179210186004638672e+00
2.508162021636962891e+00
-4.139354705810546875e+00
-1.908116102218627930e+00
3.188240528106689453e+00
3.864333629608154297e+00
1.422096252441406250e+00
3.681603431701660156e+00
4.008950233459472656e+00
