9.054921269416809082e-01
2.892260313034057617e+00
3.539345741271972656e+00
-2.493815660476684570e+00
-2.788609027862548828e+00
-1.054547429084777832e+00
7.408958673477172852e-01
3.580341577529907227e+00
2.858638167381286621e-01
2.595812797546386719e+00
-3.266450405120849609e+00
8.781346678733825684e-01
3.143679141998291016e+00
-1.572163343429565430e+00
9.404495358467102051e-01
3.430280923843383789e+00
-1.670585513114929199e+00
-3.296350479125976562e+00
-2.256196022033691406e+00
-2.603665113449096680e+00
1.952627897262573242e+00
3.414776563644409180e+00
-2.427209377288818359e+00
-3.912456035614013672e-01
3.569730043411254883e+00
-1.956526875495910645e+00
2.732553720474243164e+00
5.420187115669250488e-01
3.077516794204711914e+00
2.370961666107177734e+00
