1.346357822418212891e+00
1.147326231002807617e+00
-1.387535095214843750e+00
-3.507850766181945801e-01
-1.167763113975524902e+00
2.383838295936584473e-01
-1.378213763236999512e+00
2.240265160799026489e-01
-1.226652115583419800e-01
-1.398166179656982422e+00
-7.362399697303771973e-01
4.494385123252868652e-01
-5.774260163307189941e-01
8.038133382797241211e-01
-5.398781895637512207e-01
3.324611485004425049e-01
-9.655606746673583984e-01
1.334562420845031738e+00
-5.959773063659667969e-01
1.343022584915161133e+00
4.421589076519012451e-01
1.394335389137268066e+00
1.169702053070068359e+00
1.614419817924499512e-01
-7.406322956085205078e-01
8.931205272674560547e-01
-1.403027296066284180e+00
-5.336470007896423340e-01
1.142099499702453613e+00
-1.377158164978027344e+00
