2.415542602539062500e+00
1.446927905082702637e+00
2.291492462158203125e+00
-3.850060701370239258e-01
2.295497894287109375e+00
1.652331948280334473e+00
-4.985090494155883789e-01
2.146536350250244141e+00
2.044023990631103516e+00
-1.707165837287902832e+00
2.287122964859008789e+00
2.291031360626220703e+00
1.896896839141845703e+00
3.990859985351562500e-01
-7.573279435746371746e-04
-2.339125156402587891e+00
4.244171082973480225e-01
-2.399175882339477539e+00
1.606814146041870117e+00
-5.228211283683776855e-01
2.425574302673339844e+00
2.454451799392700195e+00
5.795326828956604004e-01
2.387835025787353516e+00
1.361897945404052734e+00
-5.922440886497497559e-01
-2.373523473739624023e+00
5.111025571823120117e-01
2.444144487380981445e+00
1.988477468490600586e+00
