-2.849249243736267090e-01
2.458559274673461914e+00
3.423587799072265625e+00
-1.095020174980163574e-01
3.708741366863250732e-01
-2.201328277587890625e+00
-1.179528594017028809e+00
-3.556005239486694336e+00
3.553847551345825195e+00
-5.717474222183227539e-01
1.686610877513885498e-01
2.024970054626464844e+00
3.203465938568115234e-01
1.244762986898422241e-01
-9.590442776679992676e-01
4.300106465816497803e-01
2.480225414037704468e-01
3.547319173812866211e+00
-9.557832479476928711e-01
-3.605066776275634766e+00
-3.195533752441406250e+00
3.146413803100585938e+00
-3.036149740219116211e+00
-2.822858333587646484e+00
-3.609545469284057617e+00
-3.475660562515258789e+00
1.999945402145385742e+00
2.217717409133911133e+00
3.414912223815917969e+00
3.203334808349609375e+00
