-3.684288024902343750e+00
-2.884526014328002930e+00
-1.548079490661621094e+00
2.801975965499877930e+00
3.347126960754394531e+00
-3.053016185760498047e+00
-3.254118442535400391e+00
-2.333370745182037354e-01
3.723639488220214844e+00
2.542884349822998047e+00
-1.994258165359497070e+00
-1.910257697105407715e+00
1.881386518478393555e+00
-1.001863121986389160e+00
-2.990635633468627930e+00
-3.127515316009521484e+00
-2.891930580139160156e+00
-1.793754100799560547e+00
-3.180037736892700195e+00
-3.532081842422485352e+00
3.390881776809692383e+00
-5.825757980346679688e-01
3.822017669677734375e+00
-3.744441986083984375e+00
-2.891400098800659180e+00
-3.800925910472869873e-01
-6.931773424148559570e-01
3.620455741882324219e+00
-1.867203950881958008e+00
-3.616746664047241211e+00
