4.600044727325439453e+00
4.859608650207519531e+00
-1.830253899097442627e-01
-4.825565814971923828e+00
-2.524790287017822266e+00
1.674879431724548340e+00
-4.734805107116699219e+00
-1.435950875282287598e+00
4.379003524780273438e+00
-1.429247140884399414e+00
3.563245773315429688e+00
-3.917154073715209961e+00
1.898949980735778809e+00
-3.764973402023315430e+00
3.815489053726196289e+00
3.903102397918701172e+00
-4.539630889892578125e+00
4.783368110656738281e+00
1.072284817695617676e+00
1.435301780700683594e+00
-3.458217859268188477e+00
-3.298334360122680664e+00
3.782900810241699219e+00
4.415900707244873047e+00
-2.469377756118774414e+00
4.192521572113037109e+00
-9.281038641929626465e-01
4.682516574859619141e+00
4.428501129150390625e+00
4.528252124786376953e+00
