-1.383028149604797363e+00
3.057578802108764648e-01
-1.182952404022216797e+00
8.677161931991577148e-01
9.557213187217712402e-01
-1.349230527877807617e+00
1.418434619903564453e+00
1.410129308700561523e+00
1.561810672283172607e-01
1.351016044616699219e+00
-1.520348668098449707e+00
1.272412538528442383e+00
2.090429365634918213e-01
7.394779324531555176e-01
6.745462417602539062e-01
1.509037256240844727e+00
-1.520920634269714355e+00
1.087898135185241699e+00
6.276664733886718750e-01
1.252839922904968262e+00
6.806716918945312500e-01
4.440671578049659729e-02
-7.769187688827514648e-01
-8.199866414070129395e-01
1.272777915000915527e+00
-4.731041789054870605e-01
-6.285632848739624023e-01
1.161869049072265625e+00
1.388417243957519531e+00
-1.422883152961730957e+00
