1.753233432769775391e+00
1.488881945610046387e+00
2.175940990447998047e+00
-3.938958346843719482e-01
2.640736341476440430e+00
-2.070149898529052734e+00
-2.711488962173461914e+00
2.717223167419433594e+00
-8.305662870407104492e-01
-1.647695183753967285e+00
-1.659220457077026367e-01
-2.697692632675170898e+00
-2.677406787872314453e+00
2.024932146072387695e+00
1.720646619796752930e+00
7.730556130409240723e-01
-2.793360948562622070e+00
2.339230775833129883e-01
-8.674069643020629883e-01
1.655735373497009277e+00
2.480022668838500977e+00
7.030054926872253418e-01
3.422571718692779541e-01
-2.526305913925170898e+00
1.897472023963928223e+00
-2.731803178787231445e+00
2.730843782424926758e+00
2.543609380722045898e+00
1.147093772888183594e+00
2.685459613800048828e+00
