1.672140717506408691e+00
-1.825301885604858398e+00
6.380218267440795898e-01
-1.543373346328735352e+00
-1.391585588455200195e+00
2.653107941150665283e-01
-1.559196472167968750e+00
-2.008825778961181641e+00
8.182661533355712891e-01
-2.302669286727905273e+00
-2.156447887420654297e+00
1.347511172294616699e+00
-1.567441701889038086e+00
2.231407642364501953e+00
2.125910520553588867e+00
7.331382632255554199e-01
2.248735427856445312e+00
-2.222875833511352539e+00
-1.754576444625854492e+00
1.215935230255126953e+00
-2.109868526458740234e+00
-2.242798566818237305e+00
-7.058259844779968262e-01
1.884270071983337402e+00
-5.570148825645446777e-01
-1.239054918289184570e+00
7.969297170639038086e-01
1.104029774665832520e+00
-1.564196348190307617e+00
-1.437911033630371094e+00
