-5.754431486129760742e-01
-2.223796129226684570e+00
-4.419304430484771729e-01
-8.783162236213684082e-01
2.427720069885253906e+00
-4.291549623012542725e-01
2.373145818710327148e+00
-8.658729791641235352e-01
-1.977157473564147949e+00
-1.519742012023925781e+00
1.328282356262207031e+00
-8.255513310432434082e-01
1.509400010108947754e+00
2.455830574035644531e+00
1.244678974151611328e+00
-7.647014260292053223e-01
-2.137992858886718750e+00
-2.484984874725341797e+00
-1.136216402053833008e+00
1.119197964668273926e+00
2.287845134735107422e+00
-1.584682226181030273e+00
2.149716138839721680e+00
2.151560306549072266e+00
1.027885437011718750e+00
-1.079646944999694824e+00
-1.629959344863891602e+00
2.212847948074340820e+00
1.537770986557006836e+00
2.384257078170776367e+00
