-3.065304279327392578e+00
-2.646359205245971680e-01
-4.077511787414550781e+00
4.851896286010742188e+00
2.245525121688842773e+00
4.772786140441894531e+00
-4.860401630401611328e+00
1.531063556671142578e+00
3.504151105880737305e+00
4.701524734497070312e+00
1.075627923011779785e+00
3.796118497848510742e-01
1.509524106979370117e+00
9.344020858407020569e-03
-1.851562738418579102e+00
6.035029292106628418e-01
-1.416992582380771637e-02
-4.185638904571533203e+00
-2.530357599258422852e+00
-3.983967542648315430e+00
2.703311920166015625e+00
3.884583234786987305e+00
4.843830585479736328e+00
-4.479153633117675781e+00
-2.672310113906860352e+00
-1.988201141357421875e+00
-1.873647093772888184e+00
3.478911161422729492e+00
-3.569980382919311523e+00
4.180487632751464844e+00
