1.531590938568115234e+00
1.199378013610839844e+00
3.866548836231231689e-01
4.967970028519630432e-02
1.500820159912109375e+00
-3.295155242085456848e-02
-8.624667525291442871e-01
-1.258170485496520996e+00
-7.902066707611083984e-01
-1.016699910163879395e+00
-1.442472457885742188e+00
-1.320488572120666504e+00
6.995901465415954590e-01
1.576370596885681152e+00
1.451938986778259277e+00
1.182623267173767090e+00
1.326612681150436401e-01
-1.501392483711242676e+00
1.482069134712219238e+00
1.570506453514099121e+00
1.285966515541076660e+00
-1.303138494491577148e+00
1.466419219970703125e+00
5.022385716438293457e-01
8.868944048881530762e-01
-1.226921439170837402e+00
1.415839076042175293e+00
-1.163784265518188477e+00
2.211089134216308594e-01
9.844657778739929199e-01
