1.477481842041015625e+00
-8.040903806686401367e-01
2.808938264846801758e+00
2.940363883972167969e+00
-9.970795512199401855e-01
2.309891223907470703e+00
-9.494138956069946289e-01
-9.410598874092102051e-01
2.423938989639282227e+00
8.120250105857849121e-01
-2.028056383132934570e-01
-2.802335500717163086e+00
-2.102469205856323242e+00
-1.167984366416931152e+00
-2.047699451446533203e+00
4.348173439502716064e-01
-1.611847162246704102e+00
-2.002489805221557617e+00
5.368810296058654785e-01
2.748860120773315430e+00
-2.733174800872802734e+00
3.195871040225028992e-02
-2.892917156219482422e+00
2.921040534973144531e+00
-1.018736213445663452e-01
-2.384366512298583984e+00
-1.919885516166687012e+00
1.021939888596534729e-01
-2.036104053258895874e-01
-8.731357455253601074e-01
