2.734140396118164062e+00
2.772902011871337891e+00
-2.824506759643554688e+00
-2.279881715774536133e+00
2.057489395141601562e+00
1.209172368049621582e+00
9.039995670318603516e-01
2.860519647598266602e+00
-2.933714389801025391e+00
5.041993856430053711e-01
2.989015817642211914e+00
-4.440095275640487671e-02
1.310904979705810547e+00
-1.287111282348632812e+00
-2.423144578933715820e+00
4.978189766407012939e-01
1.959103107452392578e+00
-4.017076790332794189e-01
1.550608038902282715e+00
-4.542108476161956787e-01
1.341767311096191406e+00
-2.655284404754638672e+00
2.852822065353393555e+00
-2.966517925262451172e+00
-3.452180027961730957e-01
-1.098731160163879395e+00
-6.161509081721305847e-02
-2.251140832901000977e+00
1.034827828407287598e+00
-2.273087024688720703e+00
