-1.802767515182495117e+00
3.656213045120239258e+00
4.751135826110839844e+00
4.406250476837158203e+00
-3.686673641204833984e+00
4.667376995086669922e+00
4.878940105438232422e+00
3.193777799606323242e+00
-4.725674152374267578e+00
-3.111952543258666992e+00
1.321866959333419800e-01
-2.403571128845214844e+00
-4.744852066040039062e+00
1.664116263389587402e+00
-4.342174053192138672e+00
-3.888027667999267578e+00
-1.264282703399658203e+00
-1.448809623718261719e+00
-1.018741011619567871e+00
-4.802095890045166016e+00
-1.140926480293273926e+00
-4.283006668090820312e+00
-4.100255966186523438e+00
4.794503688812255859e+00
-4.811128139495849609e+00
-4.259798526763916016e+00
-4.741516113281250000e+00
-4.303191900253295898e-01
2.446336984634399414e+00
-4.486886501312255859e+00
