1.599502563476562500e+00
9.829353094100952148e-01
-6.674894131720066071e-03
-1.911256790161132812e+00
-1.790076494216918945e+00
2.426960229873657227e+00
-1.287558078765869141e-01
-8.984994888305664062e-01
5.035114884376525879e-01
1.432919144630432129e+00
2.233548164367675781e+00
2.275237560272216797e+00
-1.099323868751525879e+00
1.971096277236938477e+00
2.255370616912841797e+00
2.399565219879150391e+00
-2.948527932167053223e-01
5.026412010192871094e-01
-2.363433837890625000e+00
-1.790038824081420898e+00
-6.005274057388305664e-01
7.529992461204528809e-01
-3.401871919631958008e-01
-1.593434453010559082e+00
-1.375188589096069336e+00
6.496964693069458008e-01
-5.623286962509155273e-01
-7.008958458900451660e-01
2.381980180740356445e+00
4.165019690990447998e-01
