-1.863378405570983887e+00
-2.451996803283691406e+00
-3.783285021781921387e-01
-7.498703896999359131e-02
-6.700057387351989746e-01
-3.197240114212036133e+00
-6.137545108795166016e-01
2.796516180038452148e+00
3.135283470153808594e+00
3.156476974487304688e+00
-6.897884607315063477e-01
3.107982158660888672e+00
1.378764867782592773e+00
-1.738826513290405273e+00
2.746750831604003906e+00
2.835444927215576172e+00
1.360148787498474121e+00
1.279054641723632812e+00
2.922687053680419922e+00
2.617170810699462891e+00
-3.085974752902984619e-01
2.652793169021606445e+00
-1.067582964897155762e+00
4.247014820575714111e-01
-3.043749570846557617e+00
2.708263397216796875e+00
2.426665306091308594e+00
-3.019706726074218750e+00
6.593919992446899414e-01
-2.047165393829345703e+00
