-4.043724536895751953e+00
-3.981695652008056641e+00
-4.108152866363525391e+00
-4.180720806121826172e+00
-3.885027885437011719e+00
3.454054832458496094e+00
-7.756405472755432129e-01
-3.639521360397338867e+00
3.777793169021606445e+00
4.217677116394042969e+00
-3.827994108200073242e+00
-3.909521341323852539e+00
-4.157031059265136719e+00
-4.238182544708251953e+00
1.506726384162902832e+00
4.013532638549804688e+00
2.431786298751831055e+00
-2.503699302673339844e+00
-1.968658208847045898e+00
-3.417482614517211914e+00
1.354548454284667969e+00
-9.095739126205444336e-01
-3.236600160598754883e+00
4.233106136322021484e+00
2.444734096527099609e+00
1.230378746986389160e+00
1.435996890068054199e+00
-4.129111766815185547e+00
-3.196807622909545898e+00
-9.476515054702758789e-01
