-2.763191938400268555e+00
1.997247338294982910e+00
-2.880603075027465820e+00
1.774624586105346680e+00
-8.148952722549438477e-01
-2.240129232406616211e+00
-9.195878356695175171e-02
-2.382935523986816406e+00
-1.955976605415344238e+00
-2.089152097702026367e+00
2.440243482589721680e+00
-5.139961242675781250e-01
2.982623815536499023e+00
-2.688184022903442383e+00
1.966539978981018066e+00
2.661543369293212891e+00
-1.219920873641967773e+00
2.460146903991699219e+00
-8.134836703538894653e-02
-3.135891675949096680e+00
2.264014631509780884e-01
-1.945769041776657104e-01
2.746407747268676758e+00
-7.522032856941223145e-01
-2.219418525695800781e+00
-4.064607899636030197e-03
2.503203630447387695e+00
-1.280850410461425781e+00
7.149391174316406250e-01
-2.749889612197875977e+00
