3.176660299301147461e+00
-2.591835737228393555e+00
-3.024630784988403320e+00
-1.411876916885375977e+00
3.345782995223999023e+00
2.253145456314086914e+00
1.572305321693420410e+00
3.288530826568603516e+00
3.364377975463867188e+00
1.562330961227416992e+00
3.425014257431030273e+00
-3.434212207794189453e+00
2.398603439331054688e+00
2.482332706451416016e+00
2.716850757598876953e+00
-2.778916835784912109e+00
-2.500563144683837891e+00
2.062885761260986328e+00
-1.038251042366027832e+00
1.815509200096130371e+00
-3.078702688217163086e+00
3.400873422622680664e+00
-3.440356254577636719e+00
-9.513421058654785156e-01
-3.001714944839477539e+00
3.383608818054199219e+00
-1.333271861076354980e+00
-3.376302957534790039e+00
-2.297657251358032227e+00
9.904752969741821289e-01
