2.785829067230224609e+00
2.539606571197509766e+00
2.607355594635009766e+00
1.546271920204162598e+00
-2.141045331954956055e+00
-1.284247636795043945e-01
-2.276010513305664062e+00
-2.306075334548950195e+00
2.773444652557373047e+00
2.586832046508789062e+00
2.909596681594848633e+00
1.871598124504089355e+00
6.379787325859069824e-01
-2.342759370803833008e+00
1.962968587875366211e+00
-6.439049243927001953e-01
1.809430569410324097e-01
-8.980262875556945801e-01
2.126499652862548828e+00
-2.310592412948608398e+00
1.021376013755798340e+00
-2.342381715774536133e+00
2.946169137954711914e+00
-2.332852840423583984e+00
6.220938563346862793e-01
-1.273876309394836426e+00
-2.455291271209716797e+00
2.093027114868164062e+00
-1.872311085462570190e-01
-1.580271273851394653e-01
