2.362283468246459961e+00
8.873771429061889648e-01
2.541910648345947266e+00
-2.548636198043823242e+00
2.497424125671386719e+00
2.211350947618484497e-01
-1.319650709629058838e-01
8.478834293782711029e-03
2.393116712570190430e+00
1.464713096618652344e+00
-2.511202812194824219e+00
-1.918071806430816650e-01
-8.383184671401977539e-01
7.966787815093994141e-01
2.375051021575927734e+00
2.315487861633300781e+00
7.094269990921020508e-01
-1.212062001228332520e+00
-2.539352178573608398e+00
2.078365325927734375e+00
-1.692355632781982422e+00
-1.750154972076416016e+00
-1.428692102432250977e+00
1.635231375694274902e+00
-1.088133931159973145e+00
1.638514161109924316e+00
-1.067592859268188477e+00
7.741885185241699219e-01
5.977163910865783691e-01
1.514093518257141113e+00
