-2.853994369506835938e+00
-2.348157882690429688e+00
3.270300626754760742e+00
-3.272113084793090820e+00
2.595617175102233887e-01
2.124516487121582031e+00
-8.853664994239807129e-01
3.101703166961669922e+00
2.961555004119873047e+00
-1.413295269012451172e+00
-2.548471689224243164e+00
1.965356945991516113e+00
-1.864438205957412720e-01
-3.006494522094726562e+00
-2.198492527008056641e+00
1.177366599440574646e-01
3.310039043426513672e+00
-2.296822309494018555e+00
1.105914831161499023e+00
-2.177430391311645508e+00
-2.328252643346786499e-01
-3.225381374359130859e+00
-1.336298465728759766e+00
7.175590395927429199e-01
-3.226544141769409180e+00
3.410960197448730469e+00
2.640175580978393555e+00
3.378566980361938477e+00
8.803376555442810059e-01
2.302373170852661133e+00
