-2.471435308456420898e+00
-8.502522110939025879e-01
4.075750112533569336e-01
-3.226775646209716797e+00
-4.250128746032714844e+00
3.974177360534667969e+00
4.278017997741699219e+00
-3.552013635635375977e+00
-3.904569625854492188e+00
-3.641716480255126953e+00
2.227695703506469727e+00
-3.604534864425659180e+00
-4.418766498565673828e+00
-6.133261695504188538e-02
-2.074279546737670898e+00
2.326041698455810547e+00
4.114524364471435547e+00
-4.048113346099853516e+00
3.487135648727416992e+00
-2.195590496063232422e+00
-2.216181278228759766e+00
-2.687110900878906250e+00
-4.040886402130126953e+00
4.160014152526855469e+00
3.243696928024291992e+00
-4.217577934265136719e+00
-1.253742694854736328e+00
-8.132483363151550293e-01
-1.950928568840026855e+00
4.290014266967773438e+00
