-4.327618330717086792e-02
3.846805334091186523e+00
-2.960857391357421875e+00
4.500986099243164062e+00
-3.686284065246582031e+00
4.310825347900390625e+00
-2.642713308334350586e+00
-4.729214191436767578e+00
-3.170358657836914062e+00
-2.900871515274047852e+00
2.710951566696166992e+00
-4.412786960601806641e+00
4.940288066864013672e+00
4.948250770568847656e+00
-2.126161575317382812e+00
4.450957298278808594e+00
3.824795722961425781e+00
-4.146940708160400391e+00
-3.078876256942749023e+00
6.571123003959655762e-01
3.496665239334106445e+00
-3.616924047470092773e+00
1.495959520339965820e+00
4.768132209777832031e+00
-4.572003841400146484e+00
-4.144801616668701172e+00
3.788713932037353516e+00
-2.185836583375930786e-01
4.558313369750976562e+00
4.806734561920166016e+00
