-4.049921035766601562e-02
1.691454768180847168e+00
3.114468097686767578e+00
-1.876621842384338379e-01
-1.395840644836425781e+00
-3.538392782211303711e+00
-3.237795352935791016e+00
3.236535310745239258e+00
-2.842520475387573242e+00
3.313215732574462891e+00
2.535751342773437500e+00
2.336919069290161133e+00
8.560011386871337891e-01
3.471747875213623047e+00
-2.147562026977539062e+00
-1.115108370780944824e+00
3.468768835067749023e+00
-2.692441701889038086e+00
-3.528614044189453125e+00
2.138513803482055664e+00
3.465794324874877930e+00
2.173984289169311523e+00
2.680549383163452148e+00
3.146276235580444336e+00
2.641829013824462891e+00
-3.458071231842041016e+00
1.782096862792968750e+00
3.007480144500732422e+00
3.410748720169067383e+00
1.204315349459648132e-01
