-3.231029748916625977e+00
-1.018648743629455566e+00
-2.150770902633666992e+00
2.854214668273925781e+00
2.648345947265625000e+00
3.139453411102294922e+00
-3.142180442810058594e+00
-2.908339023590087891e+00
-6.444357633590698242e-01
-2.584407329559326172e+00
-2.500737428665161133e+00
1.548098325729370117e+00
-1.190114021301269531e+00
-1.862560987472534180e+00
1.086238145828247070e+00
-2.402887344360351562e+00
-2.372716903686523438e+00
-1.163409113883972168e+00
-3.918204307556152344e-01
-3.122432708740234375e+00
-3.028271913528442383e+00
-2.057871341705322266e+00
1.821537613868713379e+00
3.171238660812377930e+00
-2.230952262878417969e+00
6.975010782480239868e-02
1.114488244056701660e+00
2.396087646484375000e+00
1.284585118293762207e+00
-2.325600385665893555e+00
