-2.052856683731079102e+00
-3.091567754745483398e+00
-1.011779904365539551e-01
-2.887647628784179688e+00
1.854393243789672852e+00
1.982333064079284668e+00
2.148005723953247070e+00
-3.051884174346923828e+00
1.025015830993652344e+00
-2.957088470458984375e+00
-3.052489519119262695e+00
-2.674302339553833008e+00
-1.076721549034118652e+00
-2.744864702224731445e+00
-2.147725105285644531e+00
3.021840095520019531e+00
3.133817434310913086e+00
3.132095813751220703e+00
3.095212697982788086e+00
2.302361488342285156e+00
-6.780896186828613281e-01
-1.103260397911071777e+00
3.124295234680175781e+00
1.115897178649902344e+00
-4.230806529521942139e-01
-2.588700532913208008e+00
-3.039339542388916016e+00
2.731377124786376953e+00
3.420356810092926025e-01
2.942249298095703125e+00
