-2.124754667282104492e+00
-4.288131237030029297e+00
4.175768852233886719e+00
-3.028802633285522461e+00
4.491137504577636719e+00
-3.706434488296508789e+00
6.377604007720947266e-01
2.520247399806976318e-01
4.733524799346923828e+00
2.287114381790161133e+00
4.811902523040771484e+00
-2.027684926986694336e+00
1.437831163406372070e+00
1.914809465408325195e+00
4.785587787628173828e+00
-2.702264487743377686e-01
-4.403151035308837891e+00
4.521682262420654297e+00
3.496685981750488281e+00
-1.448983669281005859e+00
-3.224676847457885742e+00
-4.479728698730468750e+00
7.827110290527343750e-01
-2.897161006927490234e+00
-2.757681906223297119e-02
-3.043782949447631836e+00
-4.324007511138916016e+00
3.190320968627929688e+00
-1.455463886260986328e+00
-4.861598491668701172e+00
