-1.809125900268554688e+00
-2.836868524551391602e+00
2.283252239227294922e+00
-1.734466075897216797e+00
-1.990737795829772949e+00
-2.890480041503906250e+00
-2.493945360183715820e+00
1.144733786582946777e+00
2.831608295440673828e+00
3.208892107009887695e+00
-3.006154775619506836e+00
-5.946384668350219727e-01
-3.127320051193237305e+00
3.427885472774505615e-01
8.011820912361145020e-01
1.764919281005859375e+00
-3.279638767242431641e+00
2.559342861175537109e+00
2.914164781570434570e+00
-2.969678878784179688e+00
1.041831374168395996e+00
1.809292793273925781e+00
-3.253009319305419922e+00
-3.249886512756347656e+00
9.705978631973266602e-01
3.578273355960845947e-01
1.637681603431701660e+00
2.773346662521362305e+00
-1.479749321937561035e+00
-1.870367646217346191e+00
