-1.189629435539245605e+00
1.167271137237548828e+00
1.254990100860595703e+00
1.643225073814392090e+00
9.581023454666137695e-02
-4.027046635746955872e-02
1.688996553421020508e+00
9.641690254211425781e-01
9.267050027847290039e-01
-1.869072169065475464e-01
1.610069274902343750e+00
4.981366991996765137e-01
-4.983168840408325195e-01
1.273647427558898926e+00
-1.094235301017761230e+00
1.622089266777038574e+00
-1.466983437538146973e+00
1.404609322547912598e+00
-1.163878321647644043e+00
1.691049456596374512e+00
-1.649057388305664062e+00
-1.614393115043640137e+00
-1.595365643501281738e+00
-1.565408468246459961e+00
1.208288431167602539e+00
-1.654969453811645508e+00
1.617018222808837891e+00
1.499923467636108398e+00
3.909159004688262939e-01
1.634025096893310547e+00
