4.262541234493255615e-01
7.700788378715515137e-01
7.722434997558593750e-01
-8.372086286544799805e-01
6.254606842994689941e-01
3.095757663249969482e-01
9.697379469871520996e-01
-9.924478530883789062e-01
-6.196669936180114746e-01
3.370073735713958740e-01
2.834510232787579298e-04
-9.439859986305236816e-01
9.416444301605224609e-01
-2.033481448888778687e-01
-9.966576695442199707e-01
-7.914027571678161621e-01
-8.497832417488098145e-01
1.113432124257087708e-01
1.000301241874694824e+00
-5.570114254951477051e-01
-5.112743377685546875e-01
-1.793774366378784180e-01
2.637444809079170227e-02
-1.020508408546447754e+00
9.335749745368957520e-01
9.260525703430175781e-01
9.399470090866088867e-01
9.653286337852478027e-01
9.103963375091552734e-01
1.021363973617553711e+00
