-1.760115623474121094e+00
3.806479692459106445e+00
-1.028795003890991211e+00
1.000277042388916016e+00
-4.100854873657226562e+00
-3.760856866836547852e+00
1.662800431251525879e+00
3.579482793807983398e+00
-2.220137596130371094e+00
-4.012863636016845703e+00
3.994413375854492188e+00
1.922024488449096680e+00
-3.317446231842041016e+00
1.994509935379028320e+00
3.077007293701171875e+00
2.452726125717163086e+00
3.901822805404663086e+00
3.801158666610717773e+00
-3.924803256988525391e+00
-1.850821137428283691e+00
-2.211831331253051758e+00
-3.752774953842163086e+00
6.756235957145690918e-01
3.805112361907958984e+00
-3.276102066040039062e+00
-8.467673659324645996e-01
3.650795519351959229e-01
-3.369604945182800293e-01
2.016683101654052734e+00
1.767248287796974182e-02
