4.597500860691070557e-01
-8.932114243507385254e-01
1.344042539596557617e+00
5.421178936958312988e-01
-1.744395613670349121e+00
2.600819170475006104e-01
9.419479966163635254e-01
9.181176424026489258e-01
-7.622005045413970947e-02
-1.183507442474365234e+00
9.778661727905273438e-01
1.292101860046386719e+00
-8.159489035606384277e-01
-4.307410120964050293e-01
4.450130462646484375e-02
-6.013814210891723633e-01
-1.634152770042419434e+00
-1.226416349411010742e+00
-1.651199698448181152e+00
-4.885648787021636963e-01
7.781872153282165527e-01
-9.179164767265319824e-01
1.756102591753005981e-01
-1.621532797813415527e+00
-1.419561028480529785e+00
5.956205725669860840e-01
1.429987549781799316e+00
4.962132573127746582e-01
-7.263115644454956055e-01
-1.301572322845458984e+00
