2.952035427093505859e+00
1.337403059005737305e+00
-9.427523612976074219e-01
-2.433368444442749023e+00
1.250696778297424316e+00
-2.229552030563354492e+00
-3.275458574295043945e+00
3.185035943984985352e+00
1.829150915145874023e+00
3.451311111450195312e+00
-1.105895280838012695e+00
1.663131117820739746e+00
-7.796205282211303711e-01
1.993769258260726929e-01
-3.335273265838623047e+00
-1.901253938674926758e+00
2.807350873947143555e+00
-2.069126605987548828e+00
3.179843425750732422e+00
-2.865671634674072266e+00
-2.505833387374877930e+00
-2.588809728622436523e+00
-3.402943134307861328e+00
-3.255761861801147461e+00
3.898836076259613037e-01
-2.636723995208740234e+00
-2.369399547576904297e+00
-5.858454108238220215e-01
-1.351240158081054688e+00
2.384431600570678711e+00
