2.538281679153442383e+00
2.789550542831420898e+00
3.324006199836730957e-01
1.297394156455993652e+00
1.651958823204040527e+00
-3.062360525131225586e+00
-2.642096281051635742e+00
1.360590308904647827e-01
-2.829099655151367188e+00
2.919608831405639648e+00
2.235298871994018555e+00
2.305410861968994141e+00
-9.561255574226379395e-01
-2.996638417243957520e-01
3.141636371612548828e+00
-2.564373493194580078e+00
3.123165607452392578e+00
-3.095646858215332031e+00
2.607758045196533203e+00
-7.747446298599243164e-01
-4.082151055335998535e-01
5.460920333862304688e-01
1.562898874282836914e+00
2.911882877349853516e+00
-1.018278479576110840e+00
1.307199001312255859e+00
1.111014127731323242e+00
2.966895818710327148e+00
1.978038191795349121e+00
2.669251859188079834e-01
