-1.862193793058395386e-01
-1.321164965629577637e+00
-1.124789953231811523e+00
-6.704369783401489258e-01
1.759940385818481445e+00
1.026650786399841309e+00
1.910904526710510254e+00
4.168111830949783325e-02
7.721840143203735352e-01
1.884165167808532715e+00
-3.128235638141632080e-01
-7.663829922676086426e-01
1.518624663352966309e+00
1.781522274017333984e+00
-1.649724721908569336e+00
1.407118439674377441e-01
-1.100799202919006348e+00
1.867292523384094238e+00
-8.991479277610778809e-01
-1.535901188850402832e+00
1.486415624618530273e+00
-1.844567298889160156e+00
2.771058082580566406e-01
-5.327145457267761230e-01
1.257950067520141602e+00
-8.925135731697082520e-01
1.321877360343933105e+00
1.877196788787841797e+00
-1.905250549316406250e+00
-9.034959226846694946e-02
