-1.378278493881225586e+00
-3.472408533096313477e+00
1.659431457519531250e-01
1.865811228752136230e+00
-6.513822078704833984e-01
3.751535892486572266e+00
-3.896080255508422852e+00
1.326416134834289551e+00
-1.744412779808044434e+00
2.773776054382324219e+00
-2.334600210189819336e+00
1.643570780754089355e+00
-3.742372512817382812e+00
2.737765312194824219e+00
2.934756994247436523e+00
3.668234586715698242e+00
1.877681493759155273e+00
-2.941889762878417969e+00
-3.792586803436279297e+00
3.390466451644897461e+00
1.788027882575988770e+00
2.732217550277709961e+00
8.531712889671325684e-01
-3.814900636672973633e+00
-3.037000894546508789e+00
-3.709693193435668945e+00
-3.246754646301269531e+00
-3.162858486175537109e+00
-1.782945156097412109e+00
-3.786298036575317383e+00
