-1.384112596511840820e+00
1.966552615165710449e+00
-1.934248089790344238e+00
-1.446255564689636230e+00
-2.008815050125122070e+00
1.064054846763610840e+00
-8.441727161407470703e-01
1.423056006431579590e+00
8.291077017784118652e-01
-1.684085369110107422e+00
1.661310642957687378e-01
1.417498946189880371e+00
1.519484877586364746e+00
-1.961800575256347656e+00
9.328746795654296875e-01
3.324319422245025635e-01
-9.161468595266342163e-03
-1.726663351058959961e+00
-8.220612406730651855e-01
1.211091160774230957e+00
2.009118080139160156e+00
1.988514780998229980e+00
-7.920832186937332153e-02
1.320255160331726074e+00
-1.535036325454711914e+00
-1.974924683570861816e+00
1.333644986152648926e+00
-5.140332579612731934e-01
-1.639314293861389160e+00
-1.511627554893493652e+00
