-3.028419733047485352e+00
1.933687090873718262e+00
-3.222991704940795898e+00
1.044847846031188965e+00
1.322247266769409180e+00
3.367851972579956055e+00
-8.214333057403564453e-01
-3.053241729736328125e+00
2.028497934341430664e+00
1.301585316658020020e+00
-3.118171930313110352e+00
1.865116834640502930e+00
-3.237040281295776367e+00
3.108179092407226562e+00
-2.788383722305297852e+00
-1.024922057986259460e-01
3.292087078094482422e+00
-2.406313419342041016e+00
2.973023414611816406e+00
-3.369724035263061523e+00
-1.381509900093078613e+00
3.233742237091064453e+00
1.320255547761917114e-01
1.463526725769042969e+00
-5.712837576866149902e-01
3.191879987716674805e+00
8.806850910186767578e-01
-1.670622467994689941e+00
-3.275539159774780273e+00
-2.532030820846557617e+00
