-3.168423652648925781e+00
-1.828201264142990112e-01
3.120398044586181641e+00
1.105828285217285156e+00
3.251831054687500000e+00
-3.166938781738281250e+00
2.369533330202102661e-01
2.592454433441162109e+00
-2.579609751701354980e-01
-2.519490003585815430e+00
-1.477826952934265137e+00
3.206706285476684570e+00
8.781466484069824219e-01
-3.237341165542602539e+00
5.228753685951232910e-01
-2.778306961059570312e+00
4.581897854804992676e-01
-2.655779123306274414e+00
2.169374674558639526e-01
-4.281349852681159973e-02
2.967507839202880859e+00
-2.640237092971801758e+00
4.609964787960052490e-01
9.615758657455444336e-01
-1.906130909919738770e+00
-7.190059423446655273e-01
-2.976648092269897461e+00
-2.959508180618286133e+00
-7.455759644508361816e-01
-3.006601095199584961e+00
