-3.064647614955902100e-01
1.458792686462402344e+00
7.683485150337219238e-01
6.835650801658630371e-01
-1.676053404808044434e+00
-1.477974891662597656e+00
-2.922235131263732910e-01
-1.158231258392333984e+00
-5.312231779098510742e-01
2.341412305831909180e-01
-1.589024901390075684e+00
1.643287301063537598e+00
-7.656552791595458984e-01
1.468389511108398438e+00
4.550160765647888184e-01
1.676836311817169189e-01
1.609944462776184082e+00
3.448374867439270020e-01
-1.526775240898132324e+00
-8.407266139984130859e-01
1.039861917495727539e+00
-1.146071195602416992e+00
2.800082564353942871e-01
-3.572851419448852539e-01
7.918853163719177246e-01
-1.274958491325378418e+00
7.009366154670715332e-01
6.214410439133644104e-02
1.568790078163146973e+00
-1.074173808097839355e+00
