4.881609678268432617e-01
2.162203550338745117e+00
2.926401853561401367e+00
-1.086371660232543945e+00
3.318626165390014648e+00
-2.356810808181762695e+00
2.866866827011108398e+00
1.072781324386596680e+00
-3.350022733211517334e-01
-3.299380302429199219e+00
-1.902254819869995117e+00
3.242841005325317383e+00
3.201336145401000977e+00
-3.356136322021484375e+00
3.228237390518188477e+00
2.400468111038208008e+00
-1.391896843910217285e+00
-3.096924781799316406e+00
-3.228940010070800781e+00
9.088901281356811523e-01
4.085260331630706787e-01
6.016649007797241211e-01
-3.482038155198097229e-02
2.416942834854125977e+00
-3.253557682037353516e+00
3.050849914550781250e+00
-2.440574407577514648e+00
3.286780357360839844e+00
-2.311929225921630859e+00
1.710284709930419922e+00
