2.854375839233398438e+00
3.620711326599121094e+00
-1.910246372222900391e+00
-3.860096693038940430e+00
1.839434623718261719e+00
1.278248310089111328e+00
3.079982995986938477e+00
-3.887517690658569336e+00
-9.341771602630615234e-01
-3.529443264007568359e+00
-1.403426527976989746e+00
-1.752463221549987793e+00
3.016318380832672119e-01
-9.136589765548706055e-01
-3.852730512619018555e+00
-3.874682664871215820e+00
-3.465055465698242188e+00
-3.564937829971313477e+00
2.572681427001953125e+00
-3.046264410018920898e+00
-5.804966762661933899e-02
-5.821700692176818848e-01
3.675391376018524170e-01
-3.393872737884521484e+00
5.628177523612976074e-01
-3.853350400924682617e+00
-2.588485956192016602e+00
-9.566628932952880859e-01
-5.418902039527893066e-01
-8.801048398017883301e-01
