3.570287942886352539e+00
-1.105726003646850586e+00
-2.125531911849975586e+00
-1.469810009002685547e+00
1.399888873100280762e+00
-3.235352516174316406e+00
-1.474232316017150879e+00
9.138200879096984863e-01
-2.190589904785156250e+00
-3.564475059509277344e+00
1.636850833892822266e+00
3.337542295455932617e+00
1.260270833969116211e+00
2.035212755203247070e+00
-3.306565046310424805e+00
-1.386257648468017578e+00
1.479204177856445312e+00
-1.482584238052368164e+00
-2.527010679244995117e+00
-1.621968507766723633e+00
6.985307931900024414e-01
3.431622028350830078e+00
3.566666126251220703e+00
-1.130734443664550781e+00
-2.440034389495849609e+00
-3.282878875732421875e+00
3.278547525405883789e+00
-3.141417026519775391e+00
-2.105599641799926758e+00
1.469108104705810547e+00
