1.094602465629577637e+00
9.844421148300170898e-01
-3.502757251262664795e-01
7.852632403373718262e-01
-8.702150583267211914e-01
-6.652972102165222168e-01
-1.106561541557312012e+00
1.075593948364257812e+00
7.782967686653137207e-01
-3.064188957214355469e-01
4.836605191230773926e-01
-9.577177762985229492e-01
-1.002694010734558105e+00
-4.721156656742095947e-01
-2.052520960569381714e-01
-8.618175983428955078e-01
-9.293935894966125488e-01
-8.707617521286010742e-01
-8.763142228126525879e-01
1.040318250656127930e+00
1.024640202522277832e-01
3.066132664680480957e-01
-1.055459976196289062e+00
6.221932172775268555e-01
1.121033906936645508e+00
-9.891696572303771973e-01
-1.022661924362182617e+00
-3.074696958065032959e-01
1.023850083351135254e+00
1.080149292945861816e+00
