-3.259058952331542969e+00
-7.689697742462158203e-01
-7.780056595802307129e-01
-3.677610635757446289e+00
-3.334580898284912109e+00
6.736253201961517334e-02
-1.018614292144775391e+00
3.638888835906982422e+00
3.695164203643798828e+00
-3.904906511306762695e+00
-3.924384593963623047e+00
3.549955844879150391e+00
2.574240922927856445e+00
9.506084769964218140e-02
9.501484036445617676e-01
4.169137954711914062e+00
-3.779048204421997070e+00
4.161890506744384766e+00
-3.965540885925292969e+00
-1.111591339111328125e+00
2.266863584518432617e-01
2.762807846069335938e+00
1.803685545921325684e+00
1.239540800452232361e-01
-2.112595319747924805e+00
3.588555097579956055e+00
-4.145253658294677734e+00
2.297269344329833984e+00
-4.058400630950927734e+00
4.013487339019775391e+00
