-3.510165214538574219e-01
-2.819353103637695312e+00
1.829597115516662598e+00
3.719150781631469727e+00
4.254041671752929688e+00
2.911287546157836914e+00
-1.685509800910949707e+00
4.449542522430419922e+00
-3.275219440460205078e+00
2.706041812896728516e+00
-1.587037801742553711e+00
1.737213373184204102e+00
-4.438744544982910156e+00
4.463338851928710938e+00
-4.586134433746337891e+00
-4.188741207122802734e+00
4.316571235656738281e+00
-1.834607601165771484e+00
1.276878595352172852e+00
-2.709133386611938477e+00
-2.055960178375244141e+00
-2.253915071487426758e+00
1.920492053031921387e+00
3.335313320159912109e+00
-3.011008739471435547e+00
2.681886911392211914e+00
-4.265129566192626953e+00
4.533955097198486328e+00
-4.162826061248779297e+00
-1.332846999168395996e+00
