1.003492236137390137e+00
-4.621412754058837891e-01
1.767674803733825684e+00
1.206155657768249512e+00
1.720356106758117676e+00
1.626829624176025391e+00
1.653817534446716309e+00
1.048917844891548157e-01
-4.913618266582489014e-01
-1.223981261253356934e+00
-1.739722371101379395e+00
-8.563363552093505859e-01
-1.250042676925659180e+00
-1.007441759109497070e+00
-9.302921295166015625e-01
-1.648753643035888672e+00
-1.565709829330444336e+00
-1.610200703144073486e-01
-1.224310994148254395e-01
8.198894262313842773e-01
1.072579264640808105e+00
-1.706289529800415039e+00
-3.401548862457275391e-01
8.568341732025146484e-01
7.928056716918945312e-01
1.145945429801940918e+00
-1.469130396842956543e+00
1.370406627655029297e+00
-1.265438914299011230e+00
-4.921073913574218750e-01
