-9.646950960159301758e-01
6.392524838447570801e-01
-7.345792055130004883e-01
-1.057484149932861328e+00
-9.404174089431762695e-01
-1.018779635429382324e+00
7.261890172958374023e-01
4.247669577598571777e-01
-8.318541049957275391e-01
8.764767646789550781e-01
-2.504745423793792725e-01
1.051614642143249512e+00
-1.062860488891601562e+00
-1.078208446502685547e+00
-4.451034069061279297e-01
9.009859561920166016e-01
6.028918027877807617e-01
-1.380370855331420898e-01
-9.074908494949340820e-02
-5.830088853836059570e-01
-1.060212492942810059e+00
1.011916041374206543e+00
-1.055150151252746582e+00
-5.745847225189208984e-01
-9.224458336830139160e-01
2.133425474166870117e-01
3.415397405624389648e-01
-8.836066722869873047e-01
-2.849438786506652832e-01
-7.551733851432800293e-01
