1.732804812490940094e-03
-1.229381322860717773e+00
-1.109720230102539062e+00
5.038797855377197266e-01
-3.352182507514953613e-01
-8.529345393180847168e-01
7.738317251205444336e-01
-7.923912405967712402e-01
1.199266672134399414e+00
-9.701830148696899414e-01
4.888305664062500000e-01
-1.309237122535705566e+00
9.197347760200500488e-01
4.011664092540740967e-01
-4.151689112186431885e-01
1.179049730300903320e+00
-2.320052534341812134e-01
1.309442877769470215e+00
1.285969972610473633e+00
-8.220447897911071777e-01
1.070801854133605957e+00
-7.791459560394287109e-01
1.107453823089599609e+00
-1.280157446861267090e+00
-1.899151355028152466e-01
-8.495370298624038696e-02
7.575044035911560059e-01
1.673934906721115112e-01
-9.833042025566101074e-01
1.246642470359802246e+00
