-4.105170726776123047e+00
7.491798400878906250e-01
-4.339382648468017578e+00
4.918979644775390625e+00
-2.911139965057373047e+00
2.946775674819946289e+00
-3.950354337692260742e+00
4.899299621582031250e+00
5.036052703857421875e+00
4.601398944854736328e+00
4.601144790649414062e+00
-2.370378255844116211e+00
-2.907344341278076172e+00
4.250734329223632812e+00
1.335269093513488770e+00
-1.479618668556213379e+00
1.907319545745849609e+00
4.441886425018310547e+00
4.913156986236572266e+00
4.690408229827880859e+00
-1.526490569114685059e+00
1.982932209968566895e+00
4.595079421997070312e+00
4.452139377593994141e+00
-5.993564128875732422e-01
3.955188751220703125e+00
-4.555542945861816406e+00
-4.336015224456787109e+00
3.375398397445678711e+00
-2.431712627410888672e+00
