-3.057975769042968750e+00
2.820112705230712891e+00
3.814631938934326172e+00
-1.102465152740478516e+00
-2.265612363815307617e+00
-2.527192831039428711e+00
2.402380228042602539e+00
7.561734318733215332e-01
3.232074260711669922e+00
-3.660529851913452148e+00
3.627102851867675781e+00
-1.729518771171569824e+00
-3.203640937805175781e+00
3.792019605636596680e+00
3.749440193176269531e+00
2.826098203659057617e+00
-3.569052934646606445e+00
1.960360288619995117e+00
5.460342764854431152e-01
-1.413341999053955078e+00
2.906054496765136719e+00
-3.503685712814331055e+00
2.122743844985961914e+00
2.777006149291992188e+00
2.923418581485748291e-01
-3.993073403835296631e-01
-1.399400711059570312e+00
-2.468173980712890625e+00
-3.486059427261352539e+00
2.041235446929931641e+00
