-8.129001259803771973e-01
9.905777573585510254e-01
5.235456228256225586e-01
1.090615868568420410e+00
-6.937399506568908691e-01
1.011862277984619141e+00
-9.460273385047912598e-01
-8.844676017761230469e-01
-1.006325960159301758e+00
4.059572815895080566e-01
5.901857018470764160e-01
2.248000502586364746e-01
-6.911082267761230469e-01
7.294940352439880371e-01
-4.135180413722991943e-01
1.480184942483901978e-01
7.348695993423461914e-01
3.386279940605163574e-01
-1.111954450607299805e+00
-1.047249317169189453e+00
1.228240206837654114e-01
-9.670830518007278442e-02
9.110759496688842773e-01
8.255034685134887695e-02
-8.523609638214111328e-01
2.291691601276397705e-01
-9.001422524452209473e-01
8.703040480613708496e-01
-6.711611747741699219e-01
-8.241703510284423828e-01
