-7.772849500179290771e-02
1.645561337471008301e+00
1.292884588241577148e+00
-1.376667737960815430e+00
-1.618204832077026367e+00
1.818434476852416992e+00
-1.816600203514099121e+00
-8.329641819000244141e-01
1.431051373481750488e+00
-5.275909900665283203e-01
1.353880763053894043e+00
1.016705870628356934e+00
1.794761300086975098e+00
7.769271731376647949e-01
1.606198310852050781e+00
-1.804327130317687988e+00
4.747989177703857422e-01
-1.759520292282104492e+00
7.444789409637451172e-01
1.682480335235595703e+00
1.734104752540588379e+00
-8.770381212234497070e-01
-1.676138639450073242e+00
-3.841899335384368896e-03
4.883522689342498779e-01
-6.280883550643920898e-01
-1.216056108474731445e+00
1.335853457450866699e+00
-2.377312481403350830e-01
1.616637349128723145e+00
