-3.566256538033485413e-02
-1.555215120315551758e-01
9.556445479393005371e-01
1.027561187744140625e+00
-9.270795583724975586e-01
2.854417823255062103e-02
5.927944779396057129e-01
8.284226059913635254e-01
-6.837608665227890015e-02
3.380934894084930420e-01
-7.481588125228881836e-01
6.609382033348083496e-01
5.479462146759033203e-01
1.338468641042709351e-01
5.021178722381591797e-01
-1.073316335678100586e+00
1.120339989662170410e+00
-7.872182726860046387e-01
-1.075841069221496582e+00
-4.351377785205841064e-01
-1.099112272262573242e+00
8.296564221382141113e-01
3.511486947536468506e-01
1.093607544898986816e+00
5.472934842109680176e-01
-1.023106098175048828e+00
3.648034036159515381e-01
7.516853213310241699e-01
-2.528077661991119385e-01
-9.300150722265243530e-02
