4.132092475891113281e+00
-2.455146014690399170e-01
-3.772306919097900391e+00
2.255569696426391602e+00
-1.121778562664985657e-01
3.979810476303100586e+00
2.460017442703247070e+00
-3.663340806961059570e+00
-4.129184722900390625e+00
-3.406533002853393555e+00
6.300790309906005859e-01
-1.897724628448486328e+00
-3.726768493652343750e+00
2.083277463912963867e+00
-4.136706829071044922e+00
-1.001018524169921875e+00
1.418789982795715332e+00
-2.074131011962890625e+00
3.421312093734741211e+00
-3.098545789718627930e+00
1.818922877311706543e+00
-3.445181369781494141e+00
-4.145886421203613281e+00
-4.469986557960510254e-01
3.680951118469238281e+00
-2.300548791885375977e+00
-1.123257756233215332e+00
-3.662258625030517578e+00
-1.636242389678955078e+00
2.544874668121337891e+00
