-1.957892537117004395e+00
-2.814293384552001953e+00
3.056017875671386719e+00
1.291003227233886719e+00
-6.987905502319335938e-01
-3.462575674057006836e+00
3.733984231948852539e+00
-5.456350445747375488e-01
-3.149232387542724609e+00
-3.543780565261840820e+00
-1.555190682411193848e-01
-3.810042619705200195e+00
2.022067785263061523e+00
-3.854972362518310547e+00
-1.795562744140625000e+00
-8.040707707405090332e-01
2.060107231140136719e+00
3.576346397399902344e+00
-2.355420351028442383e+00
-2.008282661437988281e+00
-3.354163646697998047e+00
-2.458580970764160156e+00
-2.380076646804809570e+00
-1.056751012802124023e-01
-3.586779117584228516e+00
3.330591678619384766e+00
3.329662084579467773e+00
2.729170083999633789e+00
3.074772119522094727e+00
-3.472537994384765625e+00
