4.078395366668701172e+00
4.601946830749511719e+00
-7.196270823478698730e-01
5.867727994918823242e-01
4.724545478820800781e+00
4.820640563964843750e+00
2.592941761016845703e+00
4.541721343994140625e+00
4.725562572479248047e+00
1.599414587020874023e+00
1.944102048873901367e+00
3.798349380493164062e+00
-4.247422695159912109e+00
-4.657339572906494141e+00
4.121375083923339844e+00
-4.610122203826904297e+00
-2.932548284530639648e+00
-4.152555942535400391e+00
2.107669830322265625e+00
3.475938320159912109e+00
-3.768956661224365234e+00
-3.904701471328735352e+00
4.786386013031005859e+00
4.654654979705810547e+00
-4.732507705688476562e+00
2.633388936519622803e-01
2.306640386581420898e+00
-4.460349082946777344e+00
-1.417293310165405273e+00
8.546761870384216309e-01
