2.597963333129882812e+00
3.431658267974853516e+00
-2.111053466796875000e+00
1.780869603157043457e+00
2.454696893692016602e+00
3.074400424957275391e-01
-2.369425296783447266e+00
2.152102231979370117e+00
1.333302378654479980e+00
-3.141404151916503906e+00
2.919544458389282227e+00
-2.104404926300048828e+00
3.318686485290527344e+00
-6.499091982841491699e-01
-3.236629247665405273e+00
-2.852524995803833008e+00
-2.274053096771240234e+00
-4.499689340591430664e-01
-3.336909294128417969e+00
6.863512992858886719e-01
3.395884037017822266e+00
3.372217655181884766e+00
2.667199850082397461e+00
2.961356878280639648e+00
3.123153686523437500e+00
-2.430749654769897461e+00
-3.001415491104125977e+00
-2.140714645385742188e+00
2.809652090072631836e-01
3.007536649703979492e+00
