-2.440204143524169922e+00
-2.563439607620239258e+00
2.794889926910400391e+00
-2.292433977127075195e+00
-2.133466720581054688e+00
2.588631629943847656e+00
2.976572275161743164e+00
3.117768764495849609e+00
-2.908643960952758789e+00
-2.692002773284912109e+00
2.203631401062011719e+00
3.329147696495056152e-01
3.022659778594970703e+00
-3.082136631011962891e+00
3.079897880554199219e+00
7.347564697265625000e-01
4.223060011863708496e-01
-2.141681194305419922e+00
3.021018266677856445e+00
2.327965021133422852e+00
-9.306233525276184082e-01
-2.532921552658081055e+00
-2.491346836090087891e+00
7.458641529083251953e-01
-2.972193241119384766e+00
4.761923849582672119e-01
1.395880430936813354e-01
-3.112374067306518555e+00
1.019523143768310547e+00
6.433240324258804321e-02
