3.100775480270385742e-01
-2.960756301879882812e+00
-3.105798244476318359e+00
1.157942295074462891e+00
2.555234909057617188e+00
-8.839633464813232422e-01
3.128935337066650391e+00
6.778000593185424805e-01
-1.231580227613449097e-01
-2.742373228073120117e+00
-1.966336727142333984e+00
-2.863287687301635742e+00
-2.953773498535156250e+00
4.585697054862976074e-01
1.413980484008789062e+00
2.698992490768432617e+00
-2.731899619102478027e-01
-2.919449329376220703e+00
-1.775494217872619629e+00
2.141078948974609375e+00
-2.348045349121093750e+00
2.831544160842895508e+00
-3.014954090118408203e+00
2.902844667434692383e+00
-1.147624969482421875e+00
2.732772827148437500e+00
9.956744313240051270e-01
-2.029339671134948730e-01
2.824431896209716797e+00
-5.011724829673767090e-01
