-3.515014052391052246e-01
1.880363941192626953e+00
1.325516819953918457e+00
-5.920610427856445312e-01
-2.459882736206054688e+00
-1.821558833122253418e+00
4.930506050586700439e-01
-1.176531240344047546e-01
1.516639709472656250e+00
1.536828875541687012e+00
1.258928656578063965e+00
-2.005757093429565430e+00
-1.618271470069885254e+00
-2.209840774536132812e+00
-2.316848516464233398e+00
2.489315748214721680e+00
-2.367579460144042969e+00
-1.397234082221984863e+00
3.443265557289123535e-01
2.227796316146850586e+00
-8.513093739748001099e-02
2.344950437545776367e+00
-1.903237581253051758e+00
-1.536404371261596680e+00
1.199579715728759766e+00
6.566205620765686035e-02
-9.794147610664367676e-01
-1.200054883956909180e+00
-2.023181915283203125e+00
-2.389241941273212433e-02
