-1.072865128517150879e+00
2.747705936431884766e+00
8.547449707984924316e-01
3.019104957580566406e+00
2.235726118087768555e+00
3.173611640930175781e+00
2.891680955886840820e+00
2.340357065200805664e+00
2.499273538589477539e+00
1.812140107154846191e+00
1.229297518730163574e+00
3.159582376480102539e+00
-3.066400766372680664e+00
2.673739671707153320e+00
1.538014054298400879e+00
-2.588259696960449219e+00
2.289005756378173828e+00
3.133377790451049805e+00
2.365868091583251953e+00
2.776966810226440430e+00
3.102217197418212891e+00
1.450029611587524414e+00
-2.638575434684753418e-01
-3.116334438323974609e+00
-3.167916059494018555e+00
-1.769165158271789551e+00
1.370138645172119141e+00
-1.504154086112976074e+00
-4.790483042597770691e-02
1.173385381698608398e+00
