-1.441956877708435059e+00
1.647078156471252441e+00
9.532915353775024414e-01
1.795183420181274414e+00
1.233116149902343750e+00
2.755994498729705811e-01
-1.457200646400451660e+00
9.849605560302734375e-01
-1.403507232666015625e+00
-9.458598494529724121e-01
-4.361355006694793701e-01
2.146393507719039917e-01
-4.956050217151641846e-01
2.572126388549804688e-01
1.589547514915466309e+00
1.488428831100463867e+00
1.779305696487426758e+00
1.005310535430908203e+00
-1.796452045440673828e+00
1.423765182495117188e+00
-3.294866681098937988e-01
1.281787991523742676e+00
1.371080875396728516e+00
-1.365760207176208496e+00
1.432765483856201172e+00
-1.750158905982971191e+00
1.498359799385070801e+00
-1.037658810615539551e+00
1.486824154853820801e+00
-1.774881124496459961e+00
