2.593439444899559021e-02
-7.942996621131896973e-01
5.902222990989685059e-01
3.253023326396942139e-01
-2.241141200065612793e-01
-8.729402422904968262e-01
-7.894324064254760742e-01
1.995583921670913696e-01
6.187967061996459961e-01
8.200601339340209961e-01
1.030849933624267578e+00
9.341377019882202148e-01
-2.764198184013366699e-01
1.025366067886352539e+00
-6.960552930831909180e-01
9.661242961883544922e-01
-1.073906540870666504e+00
4.434078335762023926e-01
-9.642760753631591797e-01
-3.756368160247802734e-01
-1.076485037803649902e+00
-1.068380236625671387e+00
9.248050451278686523e-01
-1.060452699661254883e+00
2.862670123577117920e-01
7.779070734977722168e-01
-6.540446281433105469e-01
9.217498302459716797e-01
-1.296866983175277710e-01
2.062447667121887207e-01
