2.916855573654174805e+00
2.455402314662933350e-01
2.971614837646484375e+00
2.151801347732543945e+00
3.583168387413024902e-01
-2.037551641464233398e+00
-1.269580841064453125e+00
4.397490024566650391e-01
1.284983158111572266e+00
-2.447035610675811768e-01
1.317509770393371582e+00
-2.177802324295043945e+00
2.847305059432983398e+00
-2.195344209671020508e+00
2.667704582214355469e+00
-5.913317799568176270e-01
-2.890222072601318359e+00
4.008384943008422852e-01
2.216672658920288086e+00
1.973455429077148438e+00
1.952841043472290039e+00
2.931965589523315430e+00
-5.475977063179016113e-01
-2.870311260223388672e+00
2.945835351943969727e+00
2.853151224553585052e-02
2.790214061737060547e+00
-1.914132952690124512e+00
1.214950680732727051e+00
-2.446315765380859375e+00
