-6.013493537902832031e-01
-1.270856261253356934e+00
-1.103971600532531738e+00
1.388087034225463867e+00
-1.283709883689880371e+00
-9.551599621772766113e-01
-1.438855648040771484e+00
4.933509230613708496e-01
1.408204555511474609e+00
1.299205899238586426e+00
-8.688361048698425293e-01
-1.295006155967712402e+00
-1.477430224418640137e+00
-1.084407329559326172e+00
-4.002941846847534180e-01
1.345162093639373779e-01
-1.807732582092285156e-01
-1.329230070114135742e+00
-1.283713221549987793e+00
-6.725310683250427246e-01
6.406851410865783691e-01
1.077387213706970215e+00
3.946194350719451904e-01
2.484564036130905151e-01
1.344847917556762695e+00
8.519195914268493652e-01
1.448360085487365723e+00
9.574168324470520020e-01
1.020956516265869141e+00
1.340728998184204102e+00
