-8.662585020065307617e-01
1.712053567171096802e-01
6.564049720764160156e-01
9.887224435806274414e-01
8.586100935935974121e-01
1.052105665206909180e+00
1.049155116081237793e+00
8.815047144889831543e-01
-7.767752408981323242e-01
7.542835474014282227e-01
3.302246034145355225e-01
8.322784900665283203e-01
6.911626458168029785e-01
-2.902915179729461670e-01
5.233771204948425293e-01
6.756414771080017090e-01
7.098693251609802246e-01
8.919469118118286133e-01
-7.745665311813354492e-01
-6.115334033966064453e-01
-6.157559156417846680e-01
3.098117709159851074e-01
-1.036889195442199707e+00
-6.744785904884338379e-01
7.394983768463134766e-01
3.722981810569763184e-01
-1.025921940803527832e+00
-1.431873738765716553e-01
2.802584171295166016e-01
-6.118013858795166016e-01
