-2.212172746658325195e+00
-1.086967229843139648e+00
-3.525386571884155273e+00
-1.876480817794799805e+00
3.124543666839599609e+00
-4.240550041198730469e+00
1.061448931694030762e+00
4.159368515014648438e+00
3.341558933258056641e+00
-4.497755050659179688e+00
2.432107448577880859e+00
-4.050640106201171875e+00
2.224218130111694336e+00
4.663867473602294922e+00
1.608150154352188110e-01
3.161813020706176758e+00
4.259405612945556641e+00
2.796900570392608643e-01
2.408031702041625977e+00
2.946128368377685547e+00
2.231239318847656250e+00
-3.088942766189575195e+00
7.428254485130310059e-01
-3.219035148620605469e+00
4.533915519714355469e+00
1.915256857872009277e+00
3.116137504577636719e+00
4.513448238372802734e+00
4.740440368652343750e+00
-3.763127028942108154e-01
