-4.359567165374755859e+00
-1.794452786445617676e+00
-3.964784383773803711e+00
-2.499376296997070312e+00
4.243922233581542969e+00
3.132998943328857422e+00
4.295605182647705078e+00
-4.108406543731689453e+00
-4.225135803222656250e+00
-3.864536881446838379e-01
3.097815752029418945e+00
-3.871624946594238281e+00
-4.222299575805664062e+00
2.401647806167602539e+00
-2.267095327377319336e+00
4.335429668426513672e+00
4.087750911712646484e+00
4.271061897277832031e+00
-3.580817937850952148e+00
-2.843890428543090820e+00
2.889999151229858398e+00
-2.001265048980712891e+00
-1.992665290832519531e+00
3.265614748001098633e+00
-1.875801444053649902e+00
-6.914719939231872559e-01
4.274312019348144531e+00
4.269836902618408203e+00
-4.306214809417724609e+00
9.098871350288391113e-01
