3.164201974868774414e+00
-3.047554969787597656e+00
1.119084715843200684e+00
3.485980510711669922e+00
5.257887765765190125e-02
3.520454168319702148e+00
-3.411051750183105469e+00
-1.526665568351745605e+00
3.069139957427978516e+00
-4.955186843872070312e-01
2.375922918319702148e+00
-3.437129020690917969e+00
-1.204223632812500000e+00
1.493431448936462402e+00
3.538978576660156250e+00
-2.396258592605590820e+00
2.881266593933105469e+00
-5.065267682075500488e-01
-9.243960380554199219e-01
-3.338592529296875000e+00
-3.415815591812133789e+00
-2.645287752151489258e+00
2.896869480609893799e-01
6.491246819496154785e-02
-2.740501880645751953e+00
3.336713552474975586e+00
-3.289746999740600586e+00
-5.459008216857910156e-01
-3.089088678359985352e+00
-3.606360554695129395e-01
