3.234133243560791016e+00
1.499003618955612183e-01
-2.687750339508056641e+00
-2.925928592681884766e+00
-3.094589471817016602e+00
3.198547124862670898e+00
2.457547187805175781e+00
1.241231560707092285e+00
-2.848759174346923828e+00
2.623775482177734375e+00
1.279911637306213379e+00
-5.432022213935852051e-01
9.955334067344665527e-01
2.983190298080444336e+00
3.012021780014038086e+00
-2.255632638931274414e+00
-2.893799066543579102e+00
1.238133668899536133e+00
-3.187024831771850586e+00
-6.543831229209899902e-01
1.038909673690795898e+00
-2.479091644287109375e+00
-1.122699260711669922e+00
2.577141523361206055e+00
8.939388990402221680e-01
3.166328907012939453e+00
2.098378896713256836e+00
2.132141113281250000e+00
2.342462778091430664e+00
2.826039791107177734e+00
