6.072877645492553711e-01
-3.433340549468994141e+00
9.877616167068481445e-01
3.309814453125000000e+00
9.745056033134460449e-01
-3.915719509124755859e+00
3.085153818130493164e+00
-4.236888885498046875e-01
-1.183039307594299316e+00
-3.529659509658813477e+00
-7.183349132537841797e-02
1.818635582923889160e+00
-4.006573200225830078e+00
-3.131825923919677734e+00
-1.400509953498840332e+00
3.691173553466796875e+00
3.858031511306762695e+00
-3.915375471115112305e+00
-3.948344707489013672e+00
-2.518607616424560547e+00
-3.478797197341918945e+00
-3.955200910568237305e+00
2.019885301589965820e+00
-3.823333501815795898e+00
-3.827329397201538086e+00
-3.846285104751586914e+00
-1.832530379295349121e+00
2.446033000946044922e+00
-3.095990180969238281e+00
-3.816672563552856445e+00
