-1.294929385185241699e+00
-8.441492915153503418e-01
-4.089445590972900391e+00
3.702759742736816406e-01
3.062106847763061523e+00
2.480540990829467773e+00
3.533014059066772461e+00
3.680291414260864258e+00
3.722303390502929688e+00
2.281653881072998047e+00
2.437055349349975586e+00
1.167698860168457031e+00
4.008244037628173828e+00
-4.040926933288574219e+00
-2.599897146224975586e+00
8.762734532356262207e-01
-3.177006483078002930e+00
2.610757589340209961e+00
-3.119283437728881836e+00
-3.866576671600341797e+00
1.553140878677368164e+00
1.492796778678894043e+00
3.964545726776123047e-01
5.496218800544738770e-01
2.637757301330566406e+00
3.723954677581787109e+00
3.136864900588989258e+00
2.286340475082397461e+00
-3.893414258956909180e+00
-2.682763338088989258e+00
