-2.598890662193298340e-01
4.835586547851562500e+00
-2.640228748321533203e+00
1.738269448280334473e+00
-4.290311813354492188e+00
2.091535091400146484e+00
-2.969836711883544922e+00
2.311236381530761719e+00
-1.237042188644409180e+00
4.796589374542236328e+00
3.705358505249023438e+00
3.988651752471923828e+00
-3.367322921752929688e+00
6.978890895843505859e-01
3.242624998092651367e+00
-4.817058086395263672e+00
-3.717324256896972656e+00
-4.280290603637695312e+00
1.890772342681884766e+00
4.417953193187713623e-01
2.551902532577514648e+00
2.109905481338500977e+00
-1.455813050270080566e+00
4.615758895874023438e+00
4.849442958831787109e+00
4.838344573974609375e+00
-4.234370231628417969e+00
-2.244184732437133789e+00
-2.095004320144653320e+00
1.619792103767395020e+00
