-1.709678173065185547e+00
2.485674381256103516e+00
1.773775696754455566e+00
-2.352857828140258789e+00
2.505909204483032227e+00
2.580402135848999023e+00
-2.500262737274169922e+00
-2.380068540573120117e+00
2.653400182723999023e+00
1.515173316001892090e+00
-2.653375864028930664e+00
1.631576418876647949e+00
-2.492218017578125000e+00
-1.041932940483093262e+00
-2.465017795562744141e+00
2.318166255950927734e+00
-1.964525103569030762e+00
-3.484648764133453369e-01
2.604947566986083984e+00
-1.188117146492004395e+00
-2.349266529083251953e+00
-1.918185710906982422e+00
1.919553518295288086e+00
-2.485394239425659180e+00
1.391576409339904785e+00
2.656783580780029297e+00
-2.132582664489746094e+00
9.905150532722473145e-01
1.555639266967773438e+00
2.441244363784790039e+00
