-8.482284545898437500e-01
-6.206702589988708496e-01
-3.744559288024902344e-01
-1.020695209503173828e+00
-8.856245279312133789e-01
-1.054209828376770020e+00
1.002812266349792480e+00
1.888812184333801270e-01
9.336672425270080566e-01
-5.101584196090698242e-01
-1.173659265041351318e-01
-1.047373771667480469e+00
-1.180572668090462685e-03
-6.140675544738769531e-01
1.947604715824127197e-01
8.551877737045288086e-01
1.070925951004028320e+00
2.785643748939037323e-02
1.011869549751281738e+00
-1.057818174362182617e+00
-1.063564658164978027e+00
9.945747256278991699e-01
1.067827463150024414e+00
-7.758928537368774414e-01
-1.075852394104003906e+00
9.466658234596252441e-01
1.268347054719924927e-01
8.129942417144775391e-02
-1.376652270555496216e-01
-8.202846050262451172e-01
