-1.165058255195617676e+00
-9.187880158424377441e-01
-1.339488625526428223e+00
1.425206065177917480e+00
3.073463141918182373e-01
5.320625901222229004e-01
-1.253893136978149414e+00
1.233894586563110352e+00
1.140599608421325684e+00
1.112833976745605469e+00
-8.648478984832763672e-01
1.401505947113037109e+00
-3.955408632755279541e-01
1.404420733451843262e+00
-1.377720832824707031e+00
1.395492792129516602e+00
1.333838820457458496e+00
8.487083911895751953e-01
3.687532618641853333e-02
-3.336084634065628052e-02
-1.318911671638488770e+00
-1.408140301704406738e+00
-1.372818589210510254e+00
-1.343114376068115234e+00
-1.282012462615966797e+00
1.782626286149024963e-02
-8.133581876754760742e-01
4.669457077980041504e-01
1.384236365556716919e-01
5.795370340347290039e-01
