-4.367892742156982422e+00
-1.816719174385070801e-01
-4.481957912445068359e+00
3.842736721038818359e+00
-3.419176340103149414e+00
-4.675043582916259766e+00
1.597104787826538086e+00
4.229151725769042969e+00
-7.313095927238464355e-01
1.567548513412475586e+00
4.611238956451416016e+00
-4.554069519042968750e+00
-1.828437328338623047e+00
-2.811433792114257812e+00
-1.863406658172607422e+00
-4.373651027679443359e+00
-3.797878503799438477e+00
-1.995565176010131836e+00
-4.731432914733886719e+00
4.026785850524902344e+00
-9.913554042577743530e-02
4.698324680328369141e+00
3.825664043426513672e+00
-4.378052234649658203e+00
-2.460854768753051758e+00
-3.827301502227783203e+00
1.798288226127624512e+00
4.597007274627685547e+00
-4.367073059082031250e+00
-2.266682982444763184e-01
