-3.060447573661804199e-01
-6.539669036865234375e-01
-2.565866470336914062e+00
1.464100599288940430e+00
-2.199951171875000000e+00
8.008924126625061035e-01
2.524454832077026367e+00
-1.363135099411010742e+00
2.536980390548706055e+00
-2.542683362960815430e+00
-1.821199774742126465e+00
2.515215635299682617e+00
-1.227519273757934570e+00
9.443225264549255371e-01
1.844244748353958130e-01
-1.307930827140808105e+00
2.499978542327880859e+00
-3.147116601467132568e-01
-2.081807374954223633e+00
-1.573217391967773438e+00
-1.773120015859603882e-01
-2.495928764343261719e+00
-2.458816051483154297e+00
-2.114438772201538086e+00
2.238203763961791992e+00
2.233345031738281250e+00
2.079295158386230469e+00
2.506176233291625977e+00
2.006211280822753906e+00
9.193609952926635742e-01
