1.441421270370483398e+00
1.699523091316223145e+00
2.663247585296630859e+00
-2.463047981262207031e+00
5.586682558059692383e-01
2.186578512191772461e+00
2.584836006164550781e+00
4.458406195044517517e-02
2.639288902282714844e+00
-1.158297181129455566e+00
4.958924353122711182e-01
7.588396668434143066e-01
-1.708175539970397949e+00
-1.092838287353515625e+00
-2.573352098464965820e+00
2.608257055282592773e+00
1.253401875495910645e+00
2.692218303680419922e+00
2.631596803665161133e+00
2.443356990814208984e+00
-2.713511228561401367e+00
-2.056640625000000000e+00
-8.860200643539428711e-01
2.661643505096435547e+00
-2.475552797317504883e+00
6.543123722076416016e-01
-2.401647329330444336e+00
-1.916400074958801270e+00
2.294225990772247314e-02
1.798043847084045410e+00
