-2.240334302186965942e-01
5.405094623565673828e-01
1.298381805419921875e+00
3.601499795913696289e-01
-9.830139279365539551e-01
-1.544117569923400879e+00
-3.268096148967742920e-01
1.307535648345947266e+00
5.053656548261642456e-02
1.281482696533203125e+00
-1.525715351104736328e+00
1.112040638923645020e+00
1.036678910255432129e+00
-1.063480526208877563e-01
1.416631221771240234e+00
5.435518622398376465e-01
-1.203614592552185059e+00
1.156822323799133301e+00
-2.736827433109283447e-01
1.538935184478759766e+00
5.076697468757629395e-01
7.115942239761352539e-01
8.981072902679443359e-01
-1.520955801010131836e+00
-2.448237836360931396e-01
-1.302687287330627441e+00
1.109583258628845215e+00
5.985122323036193848e-01
-1.849570721387863159e-01
-1.493647694587707520e+00
