-3.649276018142700195e+00
-7.017005085945129395e-01
2.696771860122680664e+00
-2.556492328643798828e+00
-3.863222360610961914e+00
-4.664669513702392578e+00
4.614201068878173828e+00
1.738525927066802979e-01
4.561686038970947266e+00
4.648732662200927734e+00
5.994480252265930176e-01
-4.520580768585205078e+00
5.593863129615783691e-02
-4.570582389831542969e+00
-1.116072416305541992e+00
4.435662746429443359e+00
-4.303310394287109375e+00
-2.220211029052734375e+00
-4.539682388305664062e+00
4.460461139678955078e+00
2.162422180175781250e+00
-3.508125543594360352e+00
2.889529943466186523e+00
-3.527374982833862305e+00
1.405074596405029297e+00
-3.571375608444213867e+00
4.493108272552490234e+00
-2.577231645584106445e+00
3.880847215652465820e+00
3.579086303710937500e+00
