4.152946949005126953e+00
2.419435501098632812e+00
-3.259620904922485352e+00
-3.755015373229980469e+00
-4.110963821411132812e+00
-2.528623104095458984e+00
2.323653936386108398e+00
-6.277004480361938477e-01
1.073587179183959961e+00
3.480076551437377930e+00
1.248868778347969055e-01
-4.325797080993652344e+00
1.484901070594787598e+00
-3.415906429290771484e+00
-4.450156688690185547e+00
4.321410655975341797e+00
-9.354016780853271484e-01
1.286959886550903320e+00
8.620255440473556519e-02
-3.758740901947021484e+00
-1.241764903068542480e+00
4.490252017974853516e+00
-1.547414064407348633e+00
-6.276100128889083862e-02
-3.610654115676879883e+00
-4.424940586090087891e+00
2.944630682468414307e-01
2.673287689685821533e-01
-5.099777579307556152e-01
3.655320644378662109e+00
