3.869498372077941895e-01
1.421579599380493164e+00
1.427590608596801758e+00
-8.509404659271240234e-01
3.829141855239868164e-01
-9.633914828300476074e-01
-8.497597575187683105e-01
1.929640173912048340e+00
4.036948680877685547e-01
2.021446228027343750e+00
1.484002351760864258e+00
5.699433684349060059e-01
-9.826049208641052246e-01
1.886707067489624023e+00
-8.568707853555679321e-02
8.262034058570861816e-01
1.971663355827331543e+00
3.747311830520629883e-01
5.221439003944396973e-01
-1.129657745361328125e+00
-1.441652536392211914e+00
4.852060079574584961e-01
1.502235531806945801e+00
4.874015450477600098e-01
1.585212707519531250e+00
-1.296859502792358398e+00
2.052213698625564575e-01
1.767949819564819336e+00
-1.021247148513793945e+00
1.970013022422790527e+00
