-3.415912866592407227e+00
-7.622342556715011597e-02
3.480879783630371094e+00
-1.142158389091491699e+00
-1.598924994468688965e+00
-3.355427980422973633e+00
3.308048725128173828e+00
1.024471640586853027e+00
-3.394993305206298828e+00
-3.221806585788726807e-01
-6.588779091835021973e-01
-2.352776288986206055e+00
5.930915474891662598e-01
6.778005361557006836e-01
2.611096382141113281e+00
-2.804980993270874023e+00
-2.875254392623901367e+00
-1.400312662124633789e+00
9.259923696517944336e-01
-2.633038997650146484e+00
1.439963281154632568e-01
1.091874837875366211e+00
-1.879647135734558105e+00
-2.673460245132446289e+00
-7.718027830123901367e-01
-1.176280617713928223e+00
-1.736729621887207031e+00
1.822432160377502441e+00
-3.241445302963256836e+00
-1.010611653327941895e+00
