-1.719143390655517578e+00
-1.458986010402441025e-02
-9.001512825489044189e-02
1.340288519859313965e+00
-1.383509755134582520e+00
1.523995995521545410e+00
9.000888466835021973e-01
1.895504355430603027e+00
1.334378361701965332e+00
-9.487585425376892090e-01
1.790174484252929688e+00
2.102492302656173706e-01
-3.402054309844970703e-01
1.869077801704406738e+00
1.261004567146301270e+00
-1.448115110397338867e+00
2.296520024538040161e-01
-1.305494189262390137e+00
-1.879709601402282715e+00
5.618978738784790039e-01
1.833472251892089844e+00
-5.012364387512207031e-01
1.747968196868896484e+00
1.102729439735412598e+00
1.877099871635437012e+00
-7.523760199546813965e-01
6.664537787437438965e-01
6.663034558296203613e-01
-1.866634607315063477e+00
6.893765330314636230e-01
