-4.103189945220947266e+00
-3.824991226196289062e+00
-9.457198381423950195e-01
-4.748569011688232422e+00
4.652311801910400391e+00
4.787601947784423828e+00
-9.133650660514831543e-01
-2.434297561645507812e+00
4.671768188476562500e+00
-4.901990890502929688e+00
4.179002344608306885e-01
-2.186212062835693359e+00
1.904692173004150391e+00
-4.762007713317871094e+00
-4.343121051788330078e+00
4.765999794006347656e+00
4.820436000823974609e+00
-4.218875885009765625e+00
3.811085700988769531e+00
5.949288606643676758e-01
-9.547536969184875488e-01
-4.835119724273681641e+00
-3.273646116256713867e+00
2.737250328063964844e+00
-4.197006702423095703e+00
-4.600327014923095703e+00
-4.076339721679687500e+00
4.809502124786376953e+00
3.884940385818481445e+00
5.069925189018249512e-01
