5.108596086502075195e-01
-1.133477926254272461e+00
-1.078660488128662109e+00
-6.468937993049621582e-01
-1.090507626533508301e+00
1.130791783332824707e+00
1.003789663314819336e+00
8.144481778144836426e-01
8.097235560417175293e-01
-1.117616057395935059e+00
-1.047662377357482910e+00
1.759420484304428101e-01
1.067403793334960938e+00
-8.534650206565856934e-01
7.293469905853271484e-01
-1.074474811553955078e+00
-8.641910552978515625e-02
-6.938663721084594727e-01
1.125215649604797363e+00
-3.574071526527404785e-01
-9.960619211196899414e-01
4.236226677894592285e-01
1.746193915605545044e-01
-5.526019632816314697e-02
5.232835412025451660e-01
1.042887330055236816e+00
1.087239742279052734e+00
7.343257069587707520e-01
3.725985884666442871e-01
1.124680876731872559e+00
