-2.885014772415161133e+00
2.245935440063476562e+00
-3.488154411315917969e+00
3.857667446136474609e+00
3.766920804977416992e+00
-3.679524421691894531e+00
-3.794170141220092773e+00
3.346144914627075195e+00
9.951353669166564941e-01
9.014678001403808594e-01
3.755017518997192383e+00
-2.894833385944366455e-01
-1.216628193855285645e+00
-1.453042864799499512e+00
-2.059984207153320312e+00
-1.271992027759552002e-01
-3.328799486160278320e+00
-2.094509750604629517e-01
-2.876124382019042969e+00
-3.515681982040405273e+00
-1.031679868698120117e+00
-2.028382778167724609e+00
-2.351535797119140625e+00
2.407001733779907227e+00
-3.529560327529907227e+00
3.810734748840332031e+00
-5.032330751419067383e-01
3.752630949020385742e+00
1.060899138450622559e+00
1.690403521060943604e-01
