-3.336709260940551758e+00
-6.632495522499084473e-01
1.292099617421627045e-02
3.276327133178710938e+00
-3.154410839080810547e+00
-3.393479585647583008e+00
-3.034025669097900391e+00
1.515665292739868164e+00
-1.664173841476440430e+00
-3.021703004837036133e+00
2.264419317245483398e+00
1.342379331588745117e+00
-6.967520713806152344e-01
2.591136693954467773e+00
2.644014596939086914e+00
1.676789402961730957e+00
-2.337615638971328735e-01
3.423365652561187744e-01
2.158481031656265259e-01
3.454792976379394531e+00
1.805572032928466797e+00
-4.181958436965942383e-01
3.956886529922485352e-01
-2.325892210006713867e+00
-3.205344915390014648e+00
2.972904920578002930e+00
1.386591792106628418e-01
7.670702934265136719e-01
-2.345537900924682617e+00
3.480885624885559082e-01
