-4.260266780853271484e+00
-1.237592399120330811e-01
-3.667151451110839844e+00
4.561436653137207031e+00
-4.237747669219970703e+00
-1.406908512115478516e+00
-2.155740931630134583e-02
-4.653374671936035156e+00
-3.598522901535034180e+00
1.032611608505249023e+00
4.067607879638671875e+00
7.632081508636474609e-01
-2.453101634979248047e+00
1.967468380928039551e+00
1.702634692192077637e+00
-4.449161529541015625e+00
4.529586791992187500e+00
-1.110609889030456543e+00
4.614316463470458984e+00
-4.508812427520751953e+00
-2.012789011001586914e+00
2.389391183853149414e+00
-2.585994482040405273e+00
4.172520637512207031e+00
-4.254495143890380859e+00
-3.052373170852661133e+00
4.501749515533447266e+00
-2.907245397567749023e+00
-1.885760068893432617e+00
2.830719470977783203e+00
