-9.624493718147277832e-01
8.665623664855957031e-01
1.915741443634033203e+00
1.133200168609619141e+00
-1.894213557243347168e+00
1.268833875656127930e-01
-9.001430869102478027e-01
-1.191406607627868652e+00
1.541085839271545410e+00
1.215931653976440430e+00
-3.769288659095764160e-01
-7.046548724174499512e-01
6.021039187908172607e-02
1.579487085342407227e+00
8.039423264563083649e-03
1.857133030891418457e+00
1.716470479965209961e+00
1.169789314270019531e+00
2.996832728385925293e-01
1.764097690582275391e+00
1.633248925209045410e+00
1.830723136663436890e-01
-8.815875649452209473e-01
-6.644805073738098145e-01
1.780383944511413574e+00
-1.305515289306640625e+00
1.238331317901611328e+00
-1.950137376785278320e+00
1.827400922775268555e+00
-1.738070845603942871e+00
