-1.556522846221923828e+00
-1.297072768211364746e+00
3.349336147308349609e+00
-2.125962257385253906e+00
1.206902503967285156e+00
2.403355360031127930e+00
1.428252339363098145e+00
-2.980250120162963867e+00
3.279221057891845703e+00
8.180008530616760254e-01
3.313129663467407227e+00
2.918232440948486328e+00
-3.134324550628662109e+00
3.286398887634277344e+00
-1.808608651161193848e+00
-3.201139926910400391e+00
-5.060121417045593262e-01
-2.031600713729858398e+00
2.811283111572265625e+00
2.555613756179809570e+00
-7.987927794456481934e-01
1.796574234962463379e+00
3.345856666564941406e+00
1.370122790336608887e+00
-1.813191652297973633e+00
-3.322922468185424805e+00
2.923759698867797852e+00
-3.311997175216674805e+00
9.436893463134765625e-02
-1.275804877281188965e+00
