4.886477470397949219e+00
-2.718546628952026367e+00
4.233736038208007812e+00
-3.552378177642822266e+00
3.658640623092651367e+00
-2.436792612075805664e+00
-2.302054882049560547e+00
4.565917968750000000e+00
4.927639007568359375e+00
-4.883519649505615234e+00
-4.745044231414794922e+00
1.846196889877319336e+00
4.531184673309326172e+00
-3.952172040939331055e+00
4.749330520629882812e+00
-4.869781017303466797e+00
-2.970621585845947266e+00
2.891232728958129883e+00
-3.067990064620971680e+00
-2.552183389663696289e+00
-3.242172241210937500e+00
-3.917605876922607422e+00
3.535243272781372070e+00
-4.863056659698486328e+00
-4.783929347991943359e+00
3.219414472579956055e+00
4.713556289672851562e+00
3.685185194015502930e+00
-3.856063604354858398e+00
-4.372025966644287109e+00
