8.589707016944885254e-01
-1.312501668930053711e+00
5.492408275604248047e-01
-6.925706863403320312e-01
6.450841575860977173e-02
-7.710070610046386719e-01
-1.158306002616882324e+00
-8.802633285522460938e-01
-1.526918053627014160e+00
-6.283996105194091797e-01
-6.903101801872253418e-01
-1.436090350151062012e+00
8.779166936874389648e-01
-3.446083366870880127e-01
-1.291832447052001953e+00
2.585905790328979492e-01
-1.076219677925109863e+00
-2.195493280887603760e-01
-6.276252269744873047e-01
8.223305940628051758e-01
6.094303727149963379e-01
-1.054631114006042480e+00
-1.552929401397705078e+00
-1.354886531829833984e+00
4.370197653770446777e-01
4.891957640647888184e-01
-1.362747669219970703e+00
-1.243994951248168945e+00
-3.280673623085021973e-01
-4.105573296546936035e-01
