8.650283217430114746e-01
-2.378796100616455078e+00
-1.985865354537963867e+00
2.128123044967651367e+00
-1.841932058334350586e+00
2.442824602127075195e+00
-2.447577953338623047e+00
-6.918535828590393066e-01
9.751235246658325195e-01
-2.475233316421508789e+00
2.544334411621093750e+00
2.411113739013671875e+00
1.707165837287902832e+00
2.335310697555541992e+00
-1.323609054088592529e-01
-1.284086108207702637e+00
-9.097381681203842163e-02
2.948589324951171875e-01
-1.578479409217834473e+00
-3.570597469806671143e-01
2.143507242202758789e+00
-1.124763131141662598e+00
2.545532941818237305e+00
-2.197404861450195312e+00
1.853239655494689941e+00
-1.490629315376281738e+00
-1.810770779848098755e-01
-3.434764444828033447e-01
1.319529414176940918e+00
-2.497839689254760742e+00
