1.977543950080871582e+00
3.360006213188171387e-02
1.920802831649780273e+00
1.310239553451538086e+00
-1.828340053558349609e+00
1.428343892097473145e+00
1.367337346076965332e+00
-3.187136948108673096e-01
1.971057176589965820e+00
-2.348573356866836548e-01
1.742600440979003906e+00
1.919576376676559448e-01
-6.173110008239746094e-01
1.612738728523254395e+00
4.243093430995941162e-01
2.435256242752075195e-01
1.001749992370605469e+00
1.937065839767456055e+00
-3.948038443922996521e-02
-1.619531750679016113e+00
5.958579182624816895e-01
4.369562864303588867e-01
-1.544059634208679199e+00
1.636143207550048828e+00
-1.924876451492309570e+00
1.281119942665100098e+00
-1.611568331718444824e+00
-1.902938246726989746e+00
-1.895910143852233887e+00
1.518172979354858398e+00
