9.977924078702926636e-02
3.326654911041259766e+00
-4.851625442504882812e+00
-4.972952842712402344e+00
-4.798953056335449219e+00
4.764169216156005859e+00
4.140661239624023438e+00
-4.054922103881835938e+00
4.605452060699462891e+00
-4.407175064086914062e+00
-4.887444496154785156e+00
-1.321532368659973145e+00
-2.745531558990478516e+00
-2.924680113792419434e-01
-4.505792140960693359e+00
2.603076696395874023e+00
-3.948870182037353516e+00
-4.197996139526367188e+00
3.723073959350585938e+00
-2.983894586563110352e+00
7.286639213562011719e-01
-4.864273548126220703e+00
4.812461853027343750e+00
3.354868888854980469e+00
2.576100349426269531e+00
-4.874723434448242188e+00
-4.504684925079345703e+00
-1.756739497184753418e+00
-3.695328950881958008e+00
-4.867192745208740234e+00
