-8.871855735778808594e-01
8.125651627779006958e-02
-1.016092061996459961e+00
-1.475377678871154785e-01
1.037920951843261719e+00
7.765728831291198730e-01
-6.047288179397583008e-01
5.767980813980102539e-01
-9.050337672233581543e-01
-1.068884253501892090e+00
1.013048768043518066e+00
-1.156542301177978516e-01
-9.862196445465087891e-01
6.703543066978454590e-01
-9.826873540878295898e-01
4.408391714096069336e-01
-2.638760395348072052e-02
-2.453654259443283081e-02
1.007159233093261719e+00
4.558444321155548096e-01
9.193786978721618652e-01
1.878381222486495972e-01
-9.535353183746337891e-01
1.929251402616500854e-01
-3.555159568786621094e-01
-2.192395031452178955e-01
6.205854415893554688e-01
-7.532139420509338379e-01
-9.993928074836730957e-01
2.437217384576797485e-01
