1.339203596115112305e+00
1.211343169212341309e+00
1.402601599693298340e+00
-5.673234350979328156e-03
9.374442696571350098e-01
-1.127417922019958496e+00
-1.217907905578613281e+00
6.758801341056823730e-01
-9.464914202690124512e-01
1.423118710517883301e+00
-1.049019217491149902e+00
-1.189864635467529297e+00
-8.775413632392883301e-01
-3.278442025184631348e-01
1.300343394279479980e+00
1.417138576507568359e+00
3.865695297718048096e-01
1.311285376548767090e+00
-8.914009332656860352e-01
8.300893306732177734e-01
1.386660695075988770e+00
-8.789106607437133789e-01
1.126984953880310059e+00
1.251636624336242676e+00
-9.326935410499572754e-01
-2.944907248020172119e-01
-1.324712038040161133e+00
-3.251479268074035645e-01
1.396766424179077148e+00
-9.597917199134826660e-01
