-6.388601660728454590e-02
9.831435680389404297e-01
-8.638370037078857422e-01
1.048771500587463379e+00
-2.756585180759429932e-01
-9.531581997871398926e-01
2.966760396957397461e-01
1.018693089485168457e+00
6.952857971191406250e-01
7.889086008071899414e-01
4.024630412459373474e-03
-6.871644258499145508e-01
5.938391685485839844e-01
-3.622437417507171631e-01
-1.051460981369018555e+00
5.782894492149353027e-01
3.212889134883880615e-01
-8.730169534683227539e-01
-6.965517997741699219e-01
-8.063608407974243164e-01
1.002306818962097168e+00
2.235966771841049194e-01
-9.762719869613647461e-01
7.932147383689880371e-01
-2.838205397129058838e-01
1.597969084978103638e-01
6.060819029808044434e-01
-3.069862127304077148e-01
8.585470914840698242e-01
1.039792895317077637e+00
