-2.442667484283447266e+00
2.593786001205444336e+00
-2.554986715316772461e+00
-2.549208641052246094e+00
2.502455234527587891e+00
-1.509563177824020386e-01
-1.285774856805801392e-01
-1.229615092277526855e+00
7.633076310157775879e-01
-1.252313852310180664e+00
-1.793629527091979980e+00
-2.520383119583129883e+00
1.827520281076431274e-01
2.008141517639160156e+00
2.558040618896484375e+00
-2.585597515106201172e+00
-2.577368974685668945e+00
2.167669057846069336e+00
-2.363790512084960938e+00
-4.791728258132934570e-01
-1.801134228706359863e+00
2.149988889694213867e+00
-8.356866240501403809e-01
-1.325605988502502441e+00
-2.350174903869628906e+00
2.559272527694702148e+00
-2.333615779876708984e+00
1.499072909355163574e+00
2.572343111038208008e+00
1.601210474967956543e+00
