-3.781984567642211914e+00
4.237607002258300781e+00
-2.800820589065551758e+00
3.133285045623779297e+00
3.194625377655029297e+00
-4.883050620555877686e-01
-4.969494819641113281e+00
-4.891147136688232422e+00
-4.026442050933837891e+00
3.697181701660156250e+00
2.163460969924926758e+00
2.468903779983520508e+00
-4.576354980468750000e+00
-4.422009944915771484e+00
4.955700874328613281e+00
-2.093854427337646484e+00
-4.948214054107666016e+00
1.724417328834533691e+00
-2.214213848114013672e+00
-2.558269739151000977e+00
4.523337364196777344e+00
7.276406288146972656e-01
-4.913410663604736328e+00
4.381827354431152344e+00
-3.938522338867187500e+00
2.167840600013732910e-01
-2.080481767654418945e+00
-3.529053211212158203e+00
4.903398990631103516e+00
-2.943608522415161133e+00
