2.809006690979003906e+00
1.697179198265075684e+00
-3.334450483322143555e+00
2.460784673690795898e+00
3.011357784271240234e+00
-1.790038704872131348e+00
-3.473049104213714600e-01
9.332118630409240723e-01
8.629701733589172363e-01
-3.007301807403564453e+00
-7.455302774906158447e-02
-2.359828948974609375e+00
-3.482487797737121582e-01
-2.842808246612548828e+00
1.008949518203735352e+00
2.464617967605590820e+00
-3.346003293991088867e+00
2.523509502410888672e+00
-3.209031343460083008e+00
3.125030517578125000e+00
1.004935145378112793e+00
-1.311250805854797363e+00
2.396461963653564453e+00
-6.150078773498535156e-01
6.236625909805297852e-01
1.701357364654541016e+00
-2.918121814727783203e+00
3.332643747329711914e+00
-2.834774971008300781e+00
-3.035674333572387695e+00
