1.858005762100219727e+00
1.960001587867736816e+00
4.053261280059814453e+00
-2.231096982955932617e+00
4.525973320007324219e+00
-5.253464579582214355e-01
2.011810302734375000e+00
-4.528504610061645508e-01
3.220208406448364258e+00
-8.598085045814514160e-01
-1.600985646247863770e+00
4.182009696960449219e+00
-3.293703794479370117e+00
-3.964660406112670898e+00
4.437900543212890625e+00
-4.506084918975830078e+00
-4.162710666656494141e+00
4.121836185455322266e+00
-4.112007617950439453e+00
-4.438385486602783203e+00
3.159152030944824219e+00
-8.120362758636474609e-01
-3.436419010162353516e+00
4.427820205688476562e+00
-1.924774646759033203e+00
2.864586591720581055e+00
1.457177758216857910e+00
-4.390059471130371094e+00
-4.085614681243896484e+00
2.382684946060180664e+00
