1.941710829734802246e+00
-2.466367244720458984e+00
-3.280453205108642578e+00
5.108950659632682800e-02
1.868188261985778809e+00
-3.219325304031372070e+00
-3.246851682662963867e+00
-1.638712167739868164e+00
2.380404949188232422e+00
-1.322193503379821777e+00
-2.240807771682739258e+00
1.545232176780700684e+00
-1.804044604301452637e+00
3.311776399612426758e+00
2.159201622009277344e+00
3.321316242218017578e+00
3.278043746948242188e+00
-2.141170650720596313e-01
1.636000156402587891e+00
1.417180299758911133e+00
3.288808822631835938e+00
1.969122171401977539e+00
-2.553981304168701172e+00
-8.536683768033981323e-02
3.178559780120849609e+00
-2.901546001434326172e+00
-2.810361146926879883e+00
-8.198378086090087891e-01
-3.265537977218627930e+00
-1.246680021286010742e+00
