-2.332740306854248047e+00
1.669652938842773438e+00
7.674075365066528320e-01
-2.201348245143890381e-01
-2.354712486267089844e+00
2.635707139968872070e+00
-1.257354915142059326e-01
-1.114503264427185059e+00
-2.429498195648193359e+00
9.596042037010192871e-01
-2.705225944519042969e-01
2.658437013626098633e+00
2.878376543521881104e-01
-1.185365438461303711e+00
1.695436596870422363e+00
4.941119849681854248e-01
2.480257749557495117e+00
-2.481858015060424805e+00
-2.235303401947021484e+00
2.312577247619628906e+00
1.050262212753295898e+00
4.786196947097778320e-01
-1.953674435615539551e+00
-2.628185272216796875e+00
-2.034922122955322266e+00
2.678763389587402344e+00
1.466892004013061523e+00
2.341158151626586914e+00
1.855837821960449219e+00
-1.520910143852233887e+00
