4.442759990692138672e+00
3.275220394134521484e+00
-2.232780456542968750e+00
2.552270412445068359e+00
2.325895071029663086e+00
3.010317981243133545e-01
1.588505864143371582e+00
1.698678374290466309e+00
2.836814880371093750e+00
-1.178198099136352539e+00
3.388725519180297852e+00
-4.659367561340332031e+00
4.552527904510498047e+00
4.382063865661621094e+00
1.613579034805297852e+00
-4.518803954124450684e-01
-4.106647491455078125e+00
-2.798529148101806641e+00
4.551706314086914062e+00
9.570416808128356934e-01
-1.823621869087219238e+00
4.617159843444824219e+00
-2.894046306610107422e+00
4.475672245025634766e+00
8.930466175079345703e-01
2.593300342559814453e+00
3.364493846893310547e+00
-4.016708374023437500e+00
1.826496362686157227e+00
4.314210116863250732e-01
