2.029557466506958008e+00
-2.856278896331787109e+00
-3.119723081588745117e+00
1.872621297836303711e+00
1.954299569129943848e+00
-1.918401002883911133e+00
-5.129989981651306152e-01
-3.171266078948974609e+00
-2.639818191528320312e+00
-3.541165113449096680e+00
2.742591127753257751e-02
-3.491020679473876953e+00
4.680950939655303955e-01
2.289220094680786133e+00
-1.224605441093444824e+00
3.326579332351684570e+00
1.027519822120666504e+00
2.596947431564331055e+00
2.815842442214488983e-02
3.292959213256835938e+00
-1.715168118476867676e+00
3.466347455978393555e+00
2.900677204132080078e+00
1.829661369323730469e+00
-2.162552833557128906e+00
-1.159546136856079102e+00
1.414856195449829102e+00
-1.351317644119262695e+00
-1.165467143058776855e+00
-2.294628322124481201e-01
