2.624423742294311523e+00
-1.663558006286621094e+00
-2.231692314147949219e+00
-1.786113619804382324e+00
-8.944507241249084473e-01
1.889250755310058594e+00
-3.295402050018310547e+00
2.762126445770263672e+00
-3.031402349472045898e+00
-9.502177834510803223e-01
-3.023643016815185547e+00
-8.178265690803527832e-01
-2.105422735214233398e+00
-1.368175745010375977e+00
2.576622724533081055e+00
-3.178752899169921875e+00
6.699958443641662598e-01
2.972320318222045898e+00
1.087432075291872025e-02
1.864460706710815430e+00
-6.002154350280761719e-01
1.021433472633361816e+00
-2.404230833053588867e+00
-2.598205566406250000e+00
1.621477127075195312e+00
2.779328584671020508e+00
-1.813826918601989746e+00
-1.350573658943176270e+00
-1.985394001007080078e+00
-2.986362218856811523e+00
