1.101562619209289551e+00
6.372821331024169922e-01
2.387961864471435547e+00
1.066264510154724121e+00
2.221495628356933594e+00
9.572932124137878418e-01
7.119870185852050781e-01
1.915448546409606934e+00
2.170198202133178711e+00
1.490886330604553223e+00
-4.401959944516420364e-03
-2.349873304367065430e+00
-2.437676906585693359e+00
-2.357056379318237305e+00
1.503520250320434570e+00
-2.380141019821166992e+00
2.324188709259033203e+00
-7.110642194747924805e-01
-1.045311570167541504e+00
-2.439155340194702148e+00
2.438922405242919922e+00
2.228151082992553711e+00
1.540763378143310547e+00
-1.443833947181701660e+00
-2.455442428588867188e+00
-6.660544276237487793e-01
1.642638802528381348e+00
1.868095159530639648e+00
2.414870262145996094e-01
9.988477826118469238e-01
