-9.552209973335266113e-01
8.203607797622680664e-02
9.829237461090087891e-01
1.784141421318054199e+00
-5.183660984039306641e-01
1.449799299240112305e+00
1.230237111449241638e-01
-1.031844973564147949e+00
-1.632033705711364746e+00
-7.779688239097595215e-01
1.081424593925476074e+00
-1.082765936851501465e+00
1.958913922309875488e+00
-7.642497420310974121e-01
-6.518092155456542969e-01
7.782275676727294922e-01
-3.168108165264129639e-01
1.901595711708068848e+00
1.785059213638305664e+00
1.539817452430725098e+00
-1.932439446449279785e+00
2.000737905502319336e+00
-1.788647532463073730e+00
4.606451690196990967e-01
-1.814308285713195801e+00
1.943815708160400391e+00
6.253108382225036621e-01
-2.054790019989013672e+00
1.395524024963378906e+00
-1.723560810089111328e+00
