-3.002480030059814453e+00
3.448190689086914062e+00
8.929265737533569336e-01
-6.024841070175170898e-01
-1.158366203308105469e+00
-2.939245223999023438e+00
4.336662292480468750e+00
-2.423480987548828125e+00
9.145457148551940918e-01
-4.007291793823242188e+00
3.445506095886230469e+00
2.760521888732910156e+00
-3.323453664779663086e-01
1.656266093254089355e+00
-2.455547332763671875e+00
1.661205172538757324e+00
2.247183322906494141e-01
-3.479729652404785156e+00
3.874886035919189453e+00
3.598125219345092773e+00
-6.267529726028442383e-01
3.571664571762084961e+00
-3.720609426498413086e+00
-2.153011262416839600e-01
-4.081113338470458984e+00
-6.818919777870178223e-01
2.731720685958862305e+00
-3.125699758529663086e-01
2.826506853103637695e+00
-1.320112705230712891e+00
