-8.362229466438293457e-01
-5.761837959289550781e-01
7.355931997299194336e-01
-1.607336640357971191e+00
1.471576571464538574e+00
1.324143528938293457e+00
1.415079593658447266e+00
-1.456862926483154297e+00
-2.403911054134368896e-01
1.662756562232971191e+00
8.474546074867248535e-01
3.100187182426452637e-01
4.661442637443542480e-01
-1.153701305389404297e+00
1.027950286865234375e+00
4.788665100932121277e-02
1.265658736228942871e+00
6.136966347694396973e-01
-1.641791343688964844e+00
8.861373662948608398e-01
4.134634435176849365e-01
-1.211539626121520996e+00
-5.626310110092163086e-01
-1.665493249893188477e+00
-5.675276517868041992e-01
1.187852978706359863e+00
2.896822094917297363e-01
1.057735562324523926e+00
-3.204209208488464355e-01
-1.351818203926086426e+00
