-1.294524908065795898e+00
-1.616431117057800293e+00
1.248028874397277832e+00
1.712245464324951172e+00
1.009199380874633789e+00
1.264237642288208008e+00
6.659269928932189941e-01
1.873302936553955078e+00
1.784035325050354004e+00
-9.740394949913024902e-01
1.302036762237548828e+00
6.232982277870178223e-01
-8.695822954177856445e-01
1.001009702682495117e+00
1.326990127563476562e+00
1.195449471473693848e+00
2.356371879577636719e-01
1.053509831428527832e+00
4.185056686401367188e-01
8.828608989715576172e-01
-1.229459762573242188e+00
-5.194199681282043457e-01
1.498694300651550293e+00
1.786048293113708496e+00
-9.076631665229797363e-01
1.393946647644042969e+00
5.273194611072540283e-02
1.635585308074951172e+00
1.641368389129638672e+00
-4.499302506446838379e-01
