-3.094075679779052734e+00
3.779887437820434570e+00
2.426322221755981445e+00
-2.919182300567626953e+00
-1.647146701812744141e+00
3.849555015563964844e+00
3.829366445541381836e+00
-3.694030642509460449e-02
3.631674528121948242e+00
3.511973381042480469e+00
-3.585118055343627930e+00
2.696037530899047852e+00
1.255230426788330078e+00
2.377535104751586914e+00
3.226055622100830078e+00
3.796312093734741211e+00
-3.804368972778320312e+00
3.594193935394287109e+00
-9.786273241043090820e-01
-3.566887855529785156e+00
3.654715061187744141e+00
-3.274012804031372070e+00
2.128530740737915039e+00
2.006832838058471680e+00
3.505434274673461914e+00
2.698697328567504883e+00
1.788490533828735352e+00
-6.018378734588623047e-01
2.736856460571289062e+00
1.095340371131896973e+00
