-2.797973155975341797e+00
-2.788591861724853516e+00
-3.455620408058166504e-01
1.150486350059509277e+00
-2.838810205459594727e+00
3.348202466964721680e+00
-3.038263916969299316e-01
-2.424559891223907471e-01
8.521309494972229004e-01
-2.291627883911132812e+00
-2.764818429946899414e+00
2.674200057983398438e+00
-3.346454858779907227e+00
-3.654814004898071289e+00
-5.828564763069152832e-01
1.790242433547973633e+00
-9.163770675659179688e-01
3.694499433040618896e-01
2.562097072601318359e+00
1.981103777885437012e+00
3.230468511581420898e+00
-2.762239933013916016e+00
3.412151575088500977e+00
1.305636167526245117e+00
-2.914028167724609375e+00
-7.293632030487060547e-01
-1.841977000236511230e+00
1.482272267341613770e+00
-2.731695413589477539e+00
-8.760174512863159180e-01
