4.927705526351928711e-01
2.281592607498168945e+00
3.077542483806610107e-01
3.690721094608306885e-01
-1.174920558929443359e+00
-5.683766603469848633e-01
-5.651154518127441406e-01
1.257921814918518066e+00
-1.997479200363159180e+00
3.756015598773956299e-01
-8.052543997764587402e-01
-2.265503644943237305e+00
-1.283869385719299316e+00
5.471284389495849609e-01
-1.823869585990905762e+00
1.323882341384887695e+00
1.216314077377319336e+00
1.451787233352661133e+00
2.259610891342163086e+00
-1.733291149139404297e+00
1.639974474906921387e+00
-2.177312374114990234e+00
-2.232667207717895508e+00
2.088850975036621094e+00
2.203725576400756836e+00
-2.139563083648681641e+00
-2.196214675903320312e+00
-2.151805162429809570e+00
-2.217971563339233398e+00
2.047596693038940430e+00
