3.097278997302055359e-02
-1.376230359077453613e+00
4.757925987243652344e+00
4.425745964050292969e+00
3.495983362197875977e+00
1.761891365051269531e+00
5.018032550811767578e+00
-3.640454530715942383e+00
1.746982455253601074e+00
4.935383796691894531e+00
-2.192192792892456055e+00
-2.647760391235351562e+00
4.741455078125000000e+00
-3.877923965454101562e+00
-1.488581895828247070e+00
-1.492778420448303223e+00
3.252128124237060547e+00
-1.881612896919250488e+00
4.817781925201416016e+00
-4.920472621917724609e+00
-4.236480236053466797e+00
-1.036314010620117188e+00
9.059792160987854004e-01
-4.652057647705078125e+00
-4.578031063079833984e+00
2.811410903930664062e+00
-1.159670948982238770e+00
-3.582030057907104492e+00
4.023500919342041016e+00
-2.614853143692016602e+00
