-2.930930376052856445e+00
2.040325880050659180e+00
3.150578498840332031e+00
-5.572304502129554749e-02
-1.065426945686340332e+00
-2.942801475524902344e+00
-1.580026507377624512e+00
3.345201253890991211e+00
-1.923761367797851562e+00
2.556953668594360352e+00
3.226963520050048828e+00
3.001864194869995117e+00
-3.031293392181396484e+00
3.251959562301635742e+00
3.347688198089599609e+00
3.121930837631225586e+00
-1.350327610969543457e+00
-2.551368713378906250e+00
-2.764476060867309570e+00
-3.186277866363525391e+00
-8.801909685134887695e-01
1.089533925056457520e+00
-2.046139240264892578e+00
-1.016186326742172241e-01
-3.062535762786865234e+00
-2.845855951309204102e+00
6.567778587341308594e-01
3.059114217758178711e+00
1.492938518524169922e+00
-3.256812810897827148e+00
