3.845208168029785156e+00
3.381403684616088867e+00
-3.743094205856323242e+00
3.865323305130004883e+00
-2.038196325302124023e+00
-2.404901504516601562e+00
-3.883105278015136719e+00
-2.164570331573486328e+00
-1.120981574058532715e+00
-1.671480774879455566e+00
2.750467061996459961e+00
3.676304101943969727e+00
1.162477731704711914e+00
2.431808710098266602e+00
1.530127644538879395e+00
3.580266714096069336e+00
-1.910692453384399414e+00
-3.256536722183227539e+00
-3.336854219436645508e+00
-2.608667612075805664e+00
-3.130593776702880859e+00
-2.827494621276855469e+00
3.245988845825195312e+00
1.607072949409484863e+00
-2.692560195922851562e+00
-1.776354163885116577e-01
1.785623669624328613e+00
8.655655980110168457e-01
-3.860435485839843750e+00
1.811335563659667969e+00
