-1.267768025398254395e+00
-1.785531759262084961e+00
-1.019926905632019043e+00
-1.904324442148208618e-01
-1.771336793899536133e+00
1.051179289817810059e+00
1.384907513856887817e-01
-1.580120801925659180e+00
8.049857616424560547e-01
9.101347327232360840e-01
1.653435468673706055e+00
-9.217180609703063965e-01
1.777737021446228027e+00
9.671627283096313477e-01
4.208557009696960449e-01
6.425846815109252930e-01
-1.570393323898315430e+00
1.689101338386535645e+00
-6.057550907135009766e-01
8.858110904693603516e-01
-8.099840879440307617e-01
1.598221063613891602e+00
-9.218552708625793457e-01
-5.700237751007080078e-01
1.123343110084533691e+00
-1.289894580841064453e+00
-1.194752931594848633e+00
-1.450670719146728516e+00
-1.762448668479919434e+00
-1.282451152801513672e+00
