9.260659813880920410e-01
1.472572088241577148e+00
1.460115313529968262e+00
1.782821655273437500e+00
-1.023862600326538086e+00
1.653036594390869141e+00
-9.700941443443298340e-01
-1.475109219551086426e+00
8.866319656372070312e-01
1.596792340278625488e-01
5.576564669609069824e-01
1.854578614234924316e+00
1.677726507186889648e+00
-1.606963038444519043e+00
4.803937375545501709e-01
-2.827374041080474854e-01
1.044559359550476074e+00
-1.736856222152709961e+00
1.674393534660339355e+00
-2.763880193233489990e-01
1.252236962318420410e+00
1.713901519775390625e+00
1.844665646553039551e+00
1.333104491233825684e+00
1.189787387847900391e+00
-9.985681772232055664e-01
1.886922121047973633e+00
1.323258280754089355e+00
-8.036182820796966553e-02
8.687869310379028320e-01
