2.780910491943359375e+00
3.466951370239257812e+00
8.500582575798034668e-01
-4.881537437438964844e+00
-2.618991851806640625e+00
-4.490894794464111328e+00
3.438619375228881836e+00
-5.005940914154052734e+00
2.812698841094970703e+00
-4.906542301177978516e+00
-3.543008327484130859e+00
-4.047598361968994141e+00
-3.650343894958496094e+00
-4.429683685302734375e+00
-1.390306472778320312e+00
-4.520352840423583984e+00
-3.604660034179687500e+00
-3.242781400680541992e+00
-2.506830930709838867e+00
-4.285605907440185547e+00
-4.389836311340332031e+00
-3.267976999282836914e+00
2.099077701568603516e+00
-3.454032182693481445e+00
-9.805901050567626953e-01
4.492316722869873047e+00
-3.553628444671630859e+00
4.475536346435546875e+00
4.334193706512451172e+00
-4.633884429931640625e+00
