-1.495233327150344849e-01
2.872012853622436523e+00
2.012897968292236328e+00
1.512923836708068848e+00
7.694090008735656738e-01
2.801329612731933594e+00
2.435679912567138672e+00
-1.669868946075439453e+00
4.890414774417877197e-01
6.230658888816833496e-01
-6.926400065422058105e-01
1.224496483802795410e+00
-2.032241582870483398e+00
-2.663212537765502930e+00
-1.218603968620300293e+00
1.571671485900878906e+00
2.877675294876098633e+00
1.458391547203063965e+00
-1.904005050659179688e+00
-2.834795951843261719e+00
1.473454356193542480e+00
2.266031503677368164e+00
4.791948199272155762e-01
-2.862590074539184570e+00
4.629328846931457520e-01
-6.685402244329452515e-02
-2.641485214233398438e+00
6.006243228912353516e-01
2.392674922943115234e+00
2.816483974456787109e+00
