-2.514734983444213867e+00
-4.006719112396240234e+00
4.701185226440429688e+00
-2.813804626464843750e+00
-4.789135456085205078e+00
4.009155750274658203e+00
-4.772570133209228516e+00
3.491494655609130859e+00
3.048781633377075195e+00
-4.641841888427734375e+00
5.000497817993164062e+00
-4.782694339752197266e+00
4.351507186889648438e+00
-4.740832805633544922e+00
4.865035057067871094e+00
4.118438720703125000e+00
4.870341300964355469e+00
1.899736762046813965e+00
4.131479740142822266e+00
6.663703322410583496e-01
-4.675742626190185547e+00
1.783911466598510742e+00
2.580657958984375000e+00
-3.692692995071411133e+00
-4.331865787506103516e+00
6.756459176540374756e-02
5.177478790283203125e-01
-4.555562019348144531e+00
2.751664400100708008e+00
-4.490264892578125000e+00
