-5.684898495674133301e-01
9.048126935958862305e-01
-2.371711656451225281e-03
-8.010670542716979980e-01
-1.912508308887481689e-01
1.649961061775684357e-02
-1.385416686534881592e-01
-1.054543018341064453e+00
-5.053573250770568848e-01
-5.663566291332244873e-02
9.762014746665954590e-01
-9.933968186378479004e-01
-9.916301369667053223e-01
-9.637764096260070801e-01
-1.062837958335876465e+00
1.076519638299942017e-01
-1.010236024856567383e+00
3.328323662281036377e-01
7.083431631326675415e-02
-1.063421726226806641e+00
1.052380442619323730e+00
4.305328726768493652e-01
-8.874564170837402344e-01
-6.848550438880920410e-01
-9.444082379341125488e-01
-8.527846932411193848e-01
-7.213415950536727905e-02
1.053616642951965332e+00
1.265769600868225098e-01
2.876640558242797852e-01
