-1.193164348602294922e+00
-1.341948270797729492e+00
1.369961857795715332e+00
-4.687669500708580017e-02
-6.110539436340332031e-01
-1.002019524574279785e+00
-8.115604519844055176e-01
6.023220419883728027e-01
-1.492070198059082031e+00
9.007251262664794922e-01
1.301505208015441895e+00
1.376090884208679199e+00
-5.774860382080078125e-01
1.473096013069152832e+00
-8.444357514381408691e-01
9.265467524528503418e-01
-3.517768383026123047e-01
-7.392070293426513672e-01
-5.365533828735351562e-01
1.286012887954711914e+00
4.908550381660461426e-01
-9.739661216735839844e-01
-2.837642729282379150e-01
-3.477483093738555908e-01
1.509559750556945801e+00
-6.525623202323913574e-01
1.395923376083374023e+00
1.514863967895507812e+00
-4.292234480381011963e-01
1.309313058853149414e+00
