-4.364460468292236328e+00
-1.562328219413757324e+00
4.438261508941650391e+00
4.241293907165527344e+00
2.650651454925537109e+00
3.045777559280395508e+00
-4.089717388153076172e+00
4.436088085174560547e+00
4.230167865753173828e+00
-4.290933609008789062e+00
-1.255307579413056374e-03
-1.512899994850158691e+00
3.249206781387329102e+00
-2.863827943801879883e+00
2.045387268066406250e+00
-3.939376831054687500e+00
-2.201103210449218750e+00
-6.703959107398986816e-01
-4.021749794483184814e-01
1.376268863677978516e+00
-1.823812603950500488e+00
-1.351821303367614746e+00
-4.072865486145019531e+00
-4.333309173583984375e+00
-4.403568744659423828e+00
-4.282379627227783203e+00
1.979726433753967285e+00
-4.376313209533691406e+00
-2.481333017349243164e+00
-4.112473487854003906e+00
