-1.198189496994018555e+00
-4.652761936187744141e+00
2.722786664962768555e+00
4.030656337738037109e+00
-9.119700789451599121e-01
4.249034404754638672e+00
-4.604920864105224609e+00
-8.202971816062927246e-01
3.629706621170043945e+00
-8.821297287940979004e-01
-4.132964611053466797e+00
-3.561671495437622070e+00
-2.879766225814819336e+00
2.335240602493286133e+00
-2.387971639633178711e+00
3.342041015625000000e+00
1.057053804397583008e+00
-4.325770854949951172e+00
4.351918697357177734e+00
3.692622423171997070e+00
-4.435354709625244141e+00
2.632538080215454102e+00
4.331286430358886719e+00
4.576726436614990234e+00
-4.636045932769775391e+00
-4.286001682281494141e+00
-4.006699562072753906e+00
-1.436835289001464844e+00
-3.748689651489257812e+00
2.986444234848022461e+00
