-2.795384168624877930e+00
2.806806325912475586e+00
-2.923535585403442383e+00
-1.403571367263793945e+00
2.677464962005615234e+00
-1.700316309928894043e+00
-6.918271183967590332e-01
-2.334532499313354492e+00
9.494693875312805176e-01
-2.672278642654418945e+00
-2.791987657546997070e+00
-1.740402340888977051e+00
2.194517135620117188e+00
2.556538820266723633e+00
-2.950199842453002930e+00
-2.438817262649536133e+00
-2.600623369216918945e+00
1.411604404449462891e+00
2.373862028121948242e+00
2.846221208572387695e+00
-2.383191823959350586e+00
8.992407321929931641e-01
-7.888249158859252930e-01
-2.845964431762695312e+00
4.587677419185638428e-01
2.666118383407592773e+00
-2.873396396636962891e+00
-2.795043706893920898e+00
2.645035743713378906e+00
2.239901274442672729e-01
