-2.524952292442321777e-01
-1.660176277160644531e+00
1.512709975242614746e+00
-2.170462131500244141e+00
-2.510369777679443359e+00
-2.725393533706665039e+00
2.371299505233764648e+00
2.067255973815917969e+00
-2.653729677200317383e+00
1.967130303382873535e+00
-2.249259233474731445e+00
-1.455835811793804169e-02
-1.550064086914062500e+00
-1.789519309997558594e+00
-6.838859319686889648e-01
2.450672626495361328e+00
-2.252598524093627930e+00
1.074639439582824707e+00
2.660890817642211914e-01
-2.375948905944824219e+00
-2.420501947402954102e+00
1.850440740585327148e+00
-2.097709655761718750e+00
-2.725181818008422852e+00
-4.414166137576103210e-02
-1.265874981880187988e+00
2.374690026044845581e-01
-7.339213490486145020e-01
-2.723690271377563477e+00
2.736866950988769531e+00
