7.498447895050048828e-01
-3.355750441551208496e-01
-4.292505264282226562e+00
1.331296920776367188e+00
-3.863055467605590820e+00
-3.703148126602172852e+00
4.001881122589111328e+00
4.335344791412353516e+00
4.299741268157958984e+00
3.716309309005737305e+00
-8.775565624237060547e-01
-3.174739360809326172e+00
4.237182140350341797e+00
-6.566829681396484375e-01
4.243893146514892578e+00
1.466807723045349121e+00
7.367211580276489258e-01
-9.484926462173461914e-01
4.214089393615722656e+00
-3.285113334655761719e+00
4.350775718688964844e+00
-3.989280462265014648e+00
-3.868280887603759766e+00
-4.095697879791259766e+00
-4.172225892543792725e-01
4.263864994049072266e+00
-4.294321060180664062e+00
3.494309425354003906e+00
8.369363546371459961e-01
-3.781095504760742188e+00
