3.512350320816040039e+00
-2.901064634323120117e+00
-5.465552210807800293e-01
2.948361158370971680e+00
-3.119678735733032227e+00
1.398725032806396484e+00
2.393433809280395508e+00
1.280921339988708496e+00
-1.964588880538940430e+00
2.149513483047485352e+00
3.013256549835205078e+00
-2.215665817260742188e+00
7.994779348373413086e-01
-1.170163512229919434e+00
-2.725619316101074219e+00
1.362034559249877930e+00
3.374598264694213867e+00
-3.241892576217651367e+00
3.587548971176147461e+00
3.509840488433837891e+00
1.862950921058654785e+00
3.623659610748291016e+00
-3.548156976699829102e+00
-3.623754739761352539e+00
6.597355008125305176e-01
1.715885519981384277e+00
3.582190752029418945e+00
-2.866506099700927734e+00
1.687617659568786621e+00
3.632185697555541992e+00
