-2.311213016510009766e+00
1.474237799644470215e+00
2.305232524871826172e+00
-8.808285593986511230e-01
8.479481935501098633e-01
2.040514707565307617e+00
2.433821439743041992e+00
1.040627360343933105e+00
-2.400483369827270508e+00
-1.672474741935729980e+00
1.495793700218200684e+00
1.594881176948547363e+00
1.870050072669982910e+00
1.162831902503967285e+00
6.919623613357543945e-01
6.591768264770507812e-01
-2.457382917404174805e+00
2.132568359375000000e+00
-6.212351322174072266e-01
2.246043920516967773e+00
-1.282518029212951660e+00
-2.035587787628173828e+00
2.227848529815673828e+00
1.238857746124267578e+00
2.469755887985229492e+00
-2.291242361068725586e+00
-1.693360507488250732e-01
-2.073020219802856445e+00
-2.332731485366821289e+00
1.077786087989807129e-01
