3.760276317596435547e+00
-3.754161357879638672e+00
2.889042496681213379e-01
3.643578290939331055e+00
-3.102140188217163086e+00
-1.203627705574035645e+00
3.218724727630615234e+00
-3.300108194351196289e+00
-3.750908374786376953e+00
-3.441897392272949219e+00
2.343813419342041016e+00
-2.205888986587524414e+00
-2.922148942947387695e+00
-3.571036815643310547e+00
-3.802225351333618164e+00
-3.739880084991455078e+00
-1.049044013023376465e+00
2.193044900894165039e+00
-5.101793408393859863e-01
-1.943575978279113770e+00
-1.204179406166076660e+00
-3.615184307098388672e+00
-3.494337797164916992e+00
-3.756629228591918945e+00
-1.001326084136962891e+00
-3.763559818267822266e+00
-2.056674957275390625e-01
2.462161064147949219e+00
2.463013827800750732e-01
3.596087455749511719e+00
