5.187786221504211426e-01
1.032702445983886719e+00
-3.757655993103981018e-02
9.783902168273925781e-01
-4.418551921844482422e-01
-9.888462424278259277e-01
-9.893317520618438721e-02
6.599914431571960449e-01
-1.076845169067382812e+00
-2.709541320800781250e-01
3.460354208946228027e-01
5.351461172103881836e-01
4.378617703914642334e-01
1.093417853116989136e-01
4.876708239316940308e-02
-1.081660270690917969e+00
4.275898635387420654e-01
-6.505688428878784180e-01
-7.008928060531616211e-01
4.750200510025024414e-01
1.699863225221633911e-01
1.007124423980712891e+00
7.976233959197998047e-01
9.510976076126098633e-01
-8.498458266258239746e-01
-6.880803266540169716e-04
-2.227743119001388550e-01
7.203971147537231445e-01
5.036522746086120605e-01
-7.669360935688018799e-02
