1.116474151611328125e+00
1.225171327590942383e+00
-8.030511140823364258e-01
1.296888947486877441e+00
1.281921625137329102e+00
-5.598008632659912109e-01
1.556987464427947998e-01
1.633026003837585449e-01
1.045530915260314941e+00
7.386569976806640625e-01
-3.494123518466949463e-01
-1.294633626937866211e+00
1.046671271324157715e+00
-1.150642856955528259e-01
-1.314049601554870605e+00
1.314085602760314941e+00
1.362890284508466721e-02
-8.654237389564514160e-01
-1.168282747268676758e+00
-1.065566182136535645e+00
-1.211321234703063965e+00
1.317698240280151367e+00
-3.821996152400970459e-01
-6.818260550498962402e-01
-1.286067485809326172e+00
6.582558155059814453e-01
-1.208027720451354980e+00
5.894761681556701660e-01
-1.304637312889099121e+00
9.811667799949645996e-01
