-2.885099887847900391e+00
-6.453050374984741211e-01
1.305010676383972168e+00
2.701705217361450195e+00
-2.228408865630626678e-02
-2.516262531280517578e+00
-2.831903219223022461e+00
-2.861592292785644531e+00
-2.805218458175659180e+00
4.484722316265106201e-01
2.468431949615478516e+00
-2.545545101165771484e+00
2.656778335571289062e+00
2.694223642349243164e+00
-1.040902972221374512e+00
-2.648560523986816406e+00
-2.223098039627075195e+00
-2.651345252990722656e+00
2.816946983337402344e+00
2.833963632583618164e+00
2.784439086914062500e+00
-1.360726594924926758e+00
8.948808908462524414e-01
-9.414047598838806152e-01
-1.903202533721923828e+00
6.296589970588684082e-01
-2.080774307250976562e+00
2.554230690002441406e+00
-1.283887147903442383e+00
1.914215087890625000e+00
