-2.599734067916870117e+00
2.896565675735473633e+00
1.929651618003845215e+00
-3.318292140960693359e+00
3.503803968429565430e+00
-3.246627807617187500e+00
1.511444449424743652e+00
-1.182020157575607300e-01
-3.364269733428955078e+00
-1.718482017517089844e+00
-1.438854813575744629e+00
-2.037791252136230469e+00
-2.890418529510498047e+00
-1.597811222076416016e+00
2.993728876113891602e+00
3.531396627426147461e+00
-1.977979660034179688e+00
-1.370831370353698730e+00
-2.075336217880249023e+00
-2.748001813888549805e-01
2.534914761781692505e-02
1.912130832672119141e+00
2.931181907653808594e+00
-3.637536764144897461e+00
3.373283386230468750e+00
-1.572504639625549316e+00
-2.660328865051269531e+00
-3.844677507877349854e-01
3.346314430236816406e+00
-3.487001419067382812e+00
