6.033685803413391113e-01
1.063738822937011719e+00
-8.754518032073974609e-01
4.807813465595245361e-01
9.627428054809570312e-01
7.967731356620788574e-01
-1.255063772201538086e+00
1.979118138551712036e-01
-7.360227108001708984e-01
-1.258728981018066406e+00
1.263652205467224121e+00
8.737618327140808105e-01
1.202391266822814941e+00
5.750873088836669922e-01
-5.063397064805030823e-02
7.289839982986450195e-01
-1.151667594909667969e+00
5.380001664161682129e-01
-9.177143871784210205e-02
-4.120465517044067383e-01
-1.289283752441406250e+00
3.364542424678802490e-01
-9.356032013893127441e-01
1.096277117729187012e+00
1.168197989463806152e+00
1.110952377319335938e+00
1.156707763671875000e+00
-1.224258542060852051e+00
5.464517474174499512e-01
-1.228124380111694336e+00
