1.160988926887512207e+00
6.592273712158203125e-01
5.769813060760498047e-01
-9.810612797737121582e-01
2.475924968719482422e+00
3.144587755203247070e+00
-2.366600483655929565e-01
1.909262061119079590e+00
3.772802352905273438e+00
-3.272887706756591797e+00
-3.838074684143066406e+00
2.054953336715698242e+00
-3.894202947616577148e+00
-3.501664638519287109e+00
-9.656450897455215454e-02
-2.843604564666748047e+00
2.711750030517578125e+00
-1.716948747634887695e+00
3.788614034652709961e+00
2.830772399902343750e+00
3.407908439636230469e+00
3.761988639831542969e+00
-7.121576666831970215e-01
1.592625021934509277e+00
1.264867901802062988e+00
-4.907803237438201904e-01
3.785557746887207031e+00
3.051213741302490234e+00
-3.185998201370239258e+00
-1.781275987625122070e+00
