-2.788418531417846680e+00
-2.267089605331420898e+00
-2.772829771041870117e+00
-2.405819892883300781e+00
1.564009785652160645e+00
2.083292245864868164e+00
2.465836286544799805e+00
1.661547780036926270e+00
-1.697386503219604492e-01
-1.036241173744201660e+00
-2.266780853271484375e+00
2.700698375701904297e+00
-9.368307590484619141e-01
-2.033486127853393555e+00
-2.360424518585205078e+00
-2.234417200088500977e+00
2.330817461013793945e+00
2.070123672485351562e+00
-2.529022693634033203e+00
1.610653877258300781e+00
-3.849318921566009521e-01
-2.828667879104614258e+00
-2.516214847564697266e+00
-1.289608955383300781e+00
-2.258039236068725586e+00
-1.814522862434387207e+00
-2.433737516403198242e+00
2.609709739685058594e+00
-2.087384462356567383e+00
3.549475669860839844e-01
