-3.481907367706298828e+00
4.286521911621093750e+00
-4.323909759521484375e+00
-2.871032238006591797e+00
4.006013393402099609e+00
-3.577043533325195312e+00
-2.378886699676513672e+00
4.083091259002685547e+00
-1.507399916648864746e+00
-2.439088821411132812e-01
-2.356659650802612305e+00
2.324946165084838867e+00
-6.535634398460388184e-01
4.002369403839111328e+00
4.283494472503662109e+00
2.293524265289306641e+00
-4.221344947814941406e+00
9.188972115516662598e-01
-3.709806442260742188e+00
-3.744168043136596680e+00
7.309271097183227539e-01
4.335170269012451172e+00
2.694687128067016602e+00
3.231405973434448242e+00
-4.043172359466552734e+00
-1.685797452926635742e+00
-2.212920665740966797e+00
1.207350611686706543e+00
-4.152527809143066406e+00
3.882313489913940430e+00
