1.617955327033996582e+00
-4.406753540039062500e+00
-1.523687958717346191e+00
4.500630378723144531e+00
3.543677568435668945e+00
-1.576407074928283691e+00
-3.450704514980316162e-01
6.279314160346984863e-01
5.106491446495056152e-01
-1.955071449279785156e+00
3.757946729660034180e+00
3.307448625564575195e+00
-1.651245594024658203e+00
-4.191915035247802734e+00
8.156254291534423828e-01
4.527112483978271484e+00
-3.681841135025024414e+00
4.431508541107177734e+00
2.723137855529785156e+00
3.970544934272766113e-01
4.552146434783935547e+00
4.536607742309570312e+00
1.024961948394775391e+00
4.391160964965820312e+00
1.836364269256591797e+00
-4.562449932098388672e+00
4.048247337341308594e-01
4.393670082092285156e+00
4.617702484130859375e+00
4.069769859313964844e+00
