-3.038246393203735352e+00
2.727112770080566406e+00
-5.564408302307128906e-01
3.759832084178924561e-01
2.334887027740478516e+00
3.278865098953247070e+00
-3.051949501037597656e+00
-2.714984893798828125e+00
-2.258586168289184570e+00
1.252423286437988281e+00
-2.493016004562377930e+00
-2.565719127655029297e+00
1.812714338302612305e+00
-3.207661867141723633e+00
-3.325539588928222656e+00
-3.099768877029418945e+00
-3.261709928512573242e+00
-2.144967794418334961e+00
-3.187629222869873047e+00
-2.167898178100585938e+00
3.329521417617797852e+00
-1.294484615325927734e+00
8.863686919212341309e-01
2.344813346862792969e+00
5.347647070884704590e-01
2.890519857406616211e+00
-2.937025308609008789e+00
-3.105758666992187500e+00
-3.121766090393066406e+00
-2.159663677215576172e+00
