-3.078283071517944336e+00
-6.575096845626831055e-01
2.967475175857543945e+00
-2.773908138275146484e+00
-2.867998600006103516e+00
-2.901401042938232422e+00
2.364690780639648438e+00
-3.213368892669677734e+00
1.856055140495300293e+00
1.046907663345336914e+00
3.201871156692504883e+00
-1.985172748565673828e+00
-2.975281953811645508e+00
-2.960770845413208008e+00
-5.834543108940124512e-01
-2.970119714736938477e+00
-2.338892459869384766e+00
3.039055347442626953e+00
1.659774899482727051e+00
-7.448878288269042969e-01
-2.472443342208862305e+00
1.821138620376586914e+00
-1.529470086097717285e+00
3.191853046417236328e+00
6.613382101058959961e-01
-3.063003063201904297e+00
-8.080892562866210938e-01
2.852768659591674805e+00
-3.572826087474822998e-01
-3.154714822769165039e+00
