-5.737674832344055176e-01
1.341006517410278320e+00
1.006531476974487305e+00
1.432089686393737793e+00
9.553427696228027344e-01
4.722471535205841064e-01
1.244733095169067383e+00
7.474557757377624512e-01
-7.231146097183227539e-01
-9.862032532691955566e-01
1.148949146270751953e+00
9.586740732192993164e-01
4.987824857234954834e-01
-9.470520615577697754e-01
-1.371205687522888184e+00
-9.514559060335159302e-02
8.815044164657592773e-01
1.546035885810852051e+00
8.429871797561645508e-01
-1.316099286079406738e+00
7.135660648345947266e-01
1.458062767982482910e+00
-1.481227993965148926e+00
1.389460563659667969e+00
3.172174692153930664e-01
1.455990195274353027e+00
7.238806486129760742e-01
-4.066654741764068604e-01
8.026170730590820312e-01
1.196225643157958984e+00
