-2.136971950531005859e+00
2.257448911666870117e+00
9.367263913154602051e-01
-6.295208930969238281e-01
1.047734975814819336e+00
2.316927194595336914e+00
9.616454243659973145e-01
5.796225070953369141e-01
1.917870879173278809e+00
8.740237355232238770e-01
1.129404544830322266e+00
1.355876803398132324e+00
2.141663074493408203e+00
2.148326873779296875e+00
2.126051187515258789e+00
-2.140170574188232422e+00
1.892348885536193848e+00
-3.893052339553833008e-01
2.257373332977294922e+00
2.082022428512573242e+00
2.995630800724029541e-01
-1.827176928520202637e+00
-1.685541629791259766e+00
1.847181558609008789e+00
2.240649223327636719e+00
-1.478535532951354980e+00
2.190886020660400391e+00
1.379422307014465332e+00
-1.910214900970458984e+00
-1.621052026748657227e+00
