-2.912214994430541992e+00
-1.647280454635620117e+00
-2.905091047286987305e+00
2.868432998657226562e+00
2.430248022079467773e+00
2.101980447769165039e+00
2.823958635330200195e+00
-2.257119178771972656e+00
1.527823209762573242e+00
5.013477802276611328e-01
-2.181932926177978516e+00
2.670847415924072266e+00
2.210243344306945801e-01
2.000149011611938477e+00
-2.390650272369384766e+00
2.687553882598876953e+00
2.594691991806030273e+00
1.806044459342956543e+00
1.999334931373596191e+00
-2.039826869964599609e+00
1.786545515060424805e+00
-2.865735054016113281e+00
-1.552057504653930664e+00
-2.803810596466064453e+00
-1.900982379913330078e+00
3.022379875183105469e-01
6.611833572387695312e-01
2.787728786468505859e+00
-2.570404529571533203e+00
1.597149372100830078e+00
