-2.922577857971191406e+00
4.096199989318847656e+00
2.127737522125244141e+00
-8.177258074283599854e-02
-8.365714550018310547e-01
-4.449298858642578125e+00
-3.993088960647583008e+00
2.173883914947509766e+00
5.739599466323852539e-01
-3.392277240753173828e+00
-3.817056894302368164e+00
4.439611911773681641e+00
4.308392524719238281e+00
-2.679820060729980469e+00
2.233469247817993164e+00
-3.922654628753662109e+00
1.329195022583007812e+00
-3.736546516418457031e+00
-1.686045885086059570e+00
-3.900229454040527344e+00
-2.569571018218994141e+00
-1.030581593513488770e-01
-2.991670370101928711e+00
-1.770270429551601410e-02
-2.764531850814819336e+00
-4.193363666534423828e+00
4.352412223815917969e+00
4.383959293365478516e+00
-4.379500389099121094e+00
-2.524863958358764648e+00
