-3.103189468383789062e+00
-3.509236276149749756e-01
-3.788831233978271484e-01
8.961819410324096680e-01
3.692484378814697266e+00
-2.982312202453613281e+00
3.173399209976196289e+00
-2.939694881439208984e+00
2.954930543899536133e+00
3.383861303329467773e+00
2.997511625289916992e+00
2.760765314102172852e+00
3.367070436477661133e+00
-2.804656028747558594e+00
3.517988443374633789e+00
-3.502887964248657227e+00
3.479826927185058594e+00
1.705221056938171387e+00
-1.274338364601135254e+00
2.683058261871337891e+00
-7.729095816612243652e-01
3.471711874008178711e+00
-3.310103178024291992e+00
-2.903631925582885742e+00
3.436417102813720703e+00
3.157744407653808594e+00
-3.595114946365356445e+00
3.336243152618408203e+00
3.630182504653930664e+00
-3.067212581634521484e+00
