2.918839454650878906e+00
9.903030991554260254e-01
-8.981137871742248535e-01
-2.270879983901977539e+00
2.950287580490112305e+00
2.762633800506591797e+00
-2.786046028137207031e+00
2.537030696868896484e+00
-2.301212549209594727e+00
1.841240763664245605e+00
7.081677764654159546e-02
5.316194891929626465e-01
2.400220632553100586e+00
2.635080814361572266e+00
-1.521428465843200684e+00
2.899418592453002930e+00
-2.455250024795532227e+00
-2.865793228149414062e+00
2.404523849487304688e+00
-9.892974495887756348e-01
-2.632266759872436523e+00
-1.838709831237792969e+00
2.576422929763793945e+00
1.241517186164855957e+00
-2.926329612731933594e+00
-2.934444427490234375e+00
2.450802087783813477e+00
-1.344612240791320801e-01
-2.240136861801147461e+00
-2.898416996002197266e+00
