-4.137095451354980469e+00
4.882197380065917969e+00
-5.286372900009155273e-01
3.011457204818725586e+00
3.581472635269165039e+00
-3.344144105911254883e+00
-4.881669998168945312e+00
-3.986382186412811279e-01
-1.278436183929443359e+00
-3.754440307617187500e+00
1.513203024864196777e+00
4.662703037261962891e+00
-2.542200088500976562e+00
-9.100670814514160156e-01
-4.682022094726562500e+00
-4.823505878448486328e+00
-3.717191696166992188e+00
-3.824743747711181641e+00
-3.575346946716308594e+00
-1.605793356895446777e+00
2.820467948913574219e+00
-3.188531398773193359e+00
2.838079690933227539e+00
-4.875744342803955078e+00
-4.802096366882324219e+00
-1.611367940902709961e+00
-1.683035492897033691e-01
-3.832855939865112305e+00
-4.462597846984863281e+00
2.980218172073364258e+00
