-1.551111102104187012e+00
4.254257202148437500e+00
-1.156342029571533203e+00
-1.238185465335845947e-01
-1.692251563072204590e+00
4.287349224090576172e+00
4.192515850067138672e+00
-2.091404438018798828e+00
2.970412492752075195e+00
2.126678705215454102e+00
4.264988899230957031e+00
3.180468320846557617e+00
3.426838636398315430e+00
4.222001552581787109e+00
3.761616945266723633e+00
-9.303253293037414551e-01
3.338636636734008789e+00
1.045009016990661621e+00
-3.998382568359375000e+00
-3.952100038528442383e+00
-1.744034409523010254e+00
3.463879108428955078e+00
3.568822860717773438e+00
4.214151382446289062e+00
3.933914422988891602e+00
3.504008352756500244e-01
2.132313013076782227e+00
-4.195914268493652344e+00
3.693011045455932617e+00
-3.127892971038818359e+00
