-1.107310295104980469e+00
1.091137051582336426e+00
1.026738643646240234e+00
6.203556433320045471e-02
-4.675899073481559753e-02
-1.163825511932373047e+00
-9.878276586532592773e-01
1.208021044731140137e+00
-8.716428279876708984e-01
-8.876768946647644043e-01
1.155708193778991699e+00
-1.180522561073303223e+00
-7.907928228378295898e-01
1.674977093935012817e-01
-3.934008777141571045e-01
1.294239461421966553e-01
7.867811322212219238e-01
7.301486730575561523e-01
-1.184244275093078613e+00
2.439131736755371094e-01
-7.453327178955078125e-01
-3.463393151760101318e-01
-8.257305622100830078e-01
1.193678736686706543e+00
3.851481080055236816e-01
2.813678383827209473e-01
4.559893310070037842e-01
9.890679121017456055e-01
-1.416354775428771973e-01
1.206469178199768066e+00
