1.819823026657104492e+00
-2.979571342468261719e+00
1.286035299301147461e+00
-4.851020276546478271e-01
-6.930334568023681641e-01
2.806940078735351562e+00
1.254280447959899902e+00
-1.552342295646667480e+00
2.949863672256469727e+00
1.292714238166809082e+00
1.104314088821411133e+00
8.935922384262084961e-01
3.654589414596557617e+00
-2.609418869018554688e+00
-3.200225830078125000e+00
-1.706108331680297852e+00
-3.910640478134155273e-01
3.061654567718505859e+00
3.505267143249511719e+00
-3.573166131973266602e+00
1.372198939323425293e+00
-7.282853722572326660e-01
-2.048969745635986328e+00
3.189916133880615234e+00
2.689758777618408203e+00
-3.634303331375122070e+00
1.895302414894104004e+00
3.532235145568847656e+00
2.719460010528564453e+00
2.376443862915039062e+00
