2.740818500518798828e+00
3.048180818557739258e+00
-1.540770173072814941e+00
-2.378820419311523438e+00
-4.211714267730712891e+00
-4.208138465881347656e+00
-1.803134918212890625e+00
4.287405490875244141e+00
-4.076215744018554688e+00
3.016983032226562500e+00
3.897314548492431641e+00
-4.115378856658935547e+00
2.381118535995483398e+00
3.063562631607055664e+00
3.299301385879516602e+00
4.003520965576171875e+00
-2.194144576787948608e-01
-1.963315844535827637e+00
3.340083837509155273e+00
-4.290853500366210938e+00
-8.853315562009811401e-02
-4.212505340576171875e+00
2.261917591094970703e+00
-3.391901254653930664e+00
2.556156635284423828e+00
-4.120182037353515625e+00
4.153458595275878906e+00
4.339891910552978516e+00
1.769173741340637207e+00
-2.839988470077514648e+00
