-1.130751490592956543e+00
1.314921855926513672e+00
6.063485145568847656e-02
-3.033834934234619141e+00
3.887189626693725586e+00
-3.834450483322143555e+00
2.678859949111938477e+00
3.342740297317504883e+00
-3.400051832199096680e+00
-1.575215458869934082e-01
-3.573212862014770508e+00
-3.851665258407592773e+00
-3.812434196472167969e+00
-1.926280021667480469e+00
-3.847731828689575195e+00
-2.385614871978759766e+00
3.927169322967529297e+00
3.170820474624633789e+00
-3.664401769638061523e+00
-3.451899766921997070e+00
-1.933595776557922363e+00
8.038616180419921875e-01
1.831743836402893066e+00
-1.943527221679687500e+00
-3.020453214645385742e+00
-3.823401451110839844e+00
-3.854354143142700195e+00
3.916698694229125977e+00
-3.181091070175170898e+00
-3.354887008666992188e+00
