4.859460830688476562e+00
4.578345775604248047e+00
4.336290836334228516e+00
4.566647052764892578e+00
4.249434947967529297e+00
1.167805075645446777e+00
4.687639713287353516e+00
-4.748462677001953125e+00
-3.049369812011718750e+00
-3.774812698364257812e+00
4.716867581009864807e-02
-4.294383049011230469e+00
4.855309963226318359e+00
-4.781130790710449219e+00
-4.941503524780273438e+00
-1.801521897315979004e+00
-1.805330395698547363e+00
-3.572894573211669922e+00
-3.097905874252319336e+00
-3.359029531478881836e+00
-4.597598552703857422e+00
4.118871212005615234e+00
1.313933372497558594e+00
-4.286435604095458984e+00
-3.764165878295898438e+00
-2.638122797012329102e+00
3.076664447784423828e+00
-3.199747562408447266e+00
-4.781984329223632812e+00
1.469925880432128906e+00
