-4.623117923736572266e+00
2.939973354339599609e+00
-2.170325279235839844e+00
-3.344393968582153320e+00
3.805231332778930664e+00
1.840015411376953125e+00
-3.821464776992797852e+00
-3.756511211395263672e-01
2.003098487854003906e+00
1.695295572280883789e+00
4.193429470062255859e+00
1.979252219200134277e+00
-2.301817655563354492e+00
-4.281048297882080078e+00
4.221091747283935547e+00
4.445466518402099609e+00
1.341021299362182617e+00
1.714224576950073242e+00
4.530048370361328125e+00
4.612010478973388672e+00
-3.180979013442993164e+00
1.094017744064331055e+00
3.662153244018554688e+00
4.522535324096679688e+00
-1.788964509963989258e+00
3.014167845249176025e-01
-4.552665710449218750e+00
3.028563022613525391e+00
1.568925619125366211e+00
6.611993312835693359e-01
