-2.390679597854614258e+00
-3.865039110183715820e+00
3.720545768737792969e+00
-3.848964452743530273e+00
-3.945218563079833984e+00
1.541524648666381836e+00
2.046345949172973633e+00
3.208300828933715820e+00
-4.009537696838378906e+00
-1.064355611801147461e+00
-1.376573085784912109e+00
-1.257751822471618652e+00
-2.494654655456542969e+00
-3.786783695220947266e+00
-2.867194652557373047e+00
-1.271320581436157227e+00
1.602031826972961426e+00
3.861362218856811523e+00
3.771557092666625977e+00
4.901859536767005920e-02
-3.727529525756835938e+00
2.143800973892211914e+00
1.282332986593246460e-01
2.286894321441650391e+00
-3.605117797851562500e+00
1.930135965347290039e+00
1.113796472549438477e+00
-3.419624567031860352e+00
2.486746013164520264e-01
3.574229240417480469e+00
