-2.888343095779418945e+00
2.066628217697143555e+00
-2.866193294525146484e+00
-2.430704593658447266e+00
2.959211826324462891e+00
2.085154771804809570e+00
2.913678884506225586e+00
2.637202024459838867e+00
-9.905086755752563477e-01
1.363938331604003906e+00
2.906582355499267578e+00
-1.459799051284790039e+00
2.427268505096435547e+00
-2.079822540283203125e+00
-7.874161005020141602e-01
-6.176631450653076172e-01
-2.921551465988159180e+00
1.957264423370361328e+00
-2.982823610305786133e+00
-2.662606954574584961e+00
-2.972208976745605469e+00
-2.892955780029296875e+00
-2.386073350906372070e+00
-2.643972873687744141e+00
-1.662116169929504395e+00
1.700798988342285156e+00
1.389361262321472168e+00
-2.895423650741577148e+00
-2.831819295883178711e+00
-2.475618124008178711e+00
