4.690720081329345703e+00
3.724917650222778320e+00
6.391507387161254883e-01
-2.588756084442138672e-01
4.597462654113769531e+00
3.633964538574218750e+00
1.052602171897888184e+00
3.699178934097290039e+00
-1.416789412498474121e+00
4.840979099273681641e+00
4.670083045959472656e+00
4.877347946166992188e+00
4.486396789550781250e+00
4.878226757049560547e+00
9.113957285881042480e-01
1.945217609405517578e+00
-4.856550216674804688e+00
4.834957599639892578e+00
-2.511361598968505859e+00
-2.281717538833618164e+00
2.176556110382080078e+00
-3.937591314315795898e+00
-4.479084014892578125e+00
-2.538853406906127930e+00
3.987339973449707031e+00
4.115492343902587891e+00
4.933491230010986328e+00
4.631361484527587891e+00
-3.164405345916748047e+00
4.829889774322509766e+00
