-2.635840177536010742e+00
2.237209558486938477e+00
-2.606367826461791992e+00
-1.968456387519836426e+00
2.840973615646362305e+00
9.037604928016662598e-01
-2.664552927017211914e+00
2.818706750869750977e+00
-1.004452705383300781e+00
6.345329880714416504e-01
2.018487691879272461e+00
-1.436496257781982422e+00
1.852442026138305664e+00
4.301328957080841064e-01
-1.415400743484497070e+00
2.753225803375244141e+00
-2.302551031112670898e+00
5.071042776107788086e-01
1.498507380485534668e+00
-2.007328271865844727e+00
-9.545710682868957520e-01
2.644555091857910156e+00
-3.210613489151000977e+00
3.039914608001708984e+00
5.205921530723571777e-01
-3.217951059341430664e+00
1.466177344322204590e+00
8.161513209342956543e-01
-3.198893547058105469e+00
2.097709178924560547e+00
