1.437066674232482910e+00
-5.360344052314758301e-01
-1.096441626548767090e+00
1.587160468101501465e+00
7.012490034103393555e-01
-1.458776235580444336e+00
-3.469476997852325439e-01
-8.346039652824401855e-01
-1.496410250663757324e+00
-1.072062253952026367e+00
8.758276700973510742e-01
-3.659805357456207275e-01
-1.648570656776428223e+00
1.207316160202026367e+00
-1.195485949516296387e+00
2.573377788066864014e-01
7.920610904693603516e-01
-4.294429719448089600e-01
-1.631726622581481934e+00
1.403509378433227539e+00
-1.580450177192687988e+00
-1.160857677459716797e+00
-2.578318119049072266e-01
-1.371237635612487793e+00
9.691798090934753418e-01
-1.128582477569580078e+00
1.654635071754455566e+00
1.623109459877014160e+00
-1.188152074813842773e+00
-1.122429966926574707e+00
