2.009738206863403320e+00
-1.516288161277770996e+00
-1.465005517005920410e+00
-1.336594104766845703e+00
-3.712803721427917480e-01
-1.732484698295593262e+00
4.660296142101287842e-01
8.566775918006896973e-01
-9.089096188545227051e-01
-1.987635731697082520e+00
2.440054118633270264e-01
-9.466208815574645996e-01
9.881299734115600586e-01
1.225072264671325684e+00
-1.914637804031372070e+00
1.876273632049560547e+00
3.989076316356658936e-01
2.020861864089965820e+00
1.287300586700439453e+00
1.996443748474121094e+00
-1.769739627838134766e+00
-6.481524109840393066e-01
1.382670924067497253e-02
1.823077321052551270e+00
1.066462397575378418e+00
1.384340882301330566e+00
-2.761604785919189453e-01
3.788034319877624512e-01
-2.596584856510162354e-01
-1.544188976287841797e+00
