1.492537736892700195e+00
-7.804365754127502441e-01
1.447445750236511230e+00
1.609533190727233887e+00
1.323624253273010254e+00
-4.952379763126373291e-01
1.137576460838317871e+00
1.136787176132202148e+00
-1.543788313865661621e+00
-7.766100168228149414e-01
1.511674404144287109e+00
9.026125073432922363e-01
1.613987565040588379e+00
-6.431714892387390137e-01
-9.672212600708007812e-01
1.451448440551757812e+00
1.616665363311767578e+00
-2.418054044246673584e-01
-1.479588866233825684e+00
-1.595406055450439453e+00
-1.545882940292358398e+00
-1.502903938293457031e+00
5.592395067214965820e-01
1.426141142845153809e+00
-1.611944913864135742e+00
-1.561855077743530273e+00
1.367248058319091797e+00
-1.660832911729812622e-01
1.273669481277465820e+00
1.096683740615844727e+00
