1.702432513236999512e+00
-3.152347803115844727e-01
6.136788725852966309e-01
-2.803958654403686523e+00
-8.652535080909729004e-02
1.707312315702438354e-01
-1.742534041404724121e+00
-3.231946229934692383e+00
-3.023160219192504883e+00
-3.198718130588531494e-01
-1.261501669883728027e+00
-2.955520868301391602e+00
-3.987364768981933594e+00
1.596249461174011230e+00
-3.613013505935668945e+00
-4.028165340423583984e+00
-3.588396787643432617e+00
-3.233830928802490234e+00
-2.707557916641235352e+00
-2.487040758132934570e+00
-2.192611694335937500e+00
1.181862115859985352e+00
-3.634880185127258301e-01
-1.468492388725280762e+00
2.159143984317779541e-01
2.268867731094360352e+00
1.118219971656799316e+00
2.331577777862548828e+00
-3.385406732559204102e+00
-4.011590957641601562e+00
