-1.916029602289199829e-01
-2.040368795394897461e+00
3.747952222824096680e+00
-4.323322772979736328e+00
2.340269327163696289e+00
-4.231703281402587891e+00
1.669343709945678711e-01
3.845341682434082031e+00
-3.287395954132080078e+00
8.373638391494750977e-01
-3.938413143157958984e+00
1.321934103965759277e+00
-2.813342571258544922e+00
1.569781899452209473e+00
4.245590269565582275e-01
4.444929599761962891e+00
2.726476430892944336e+00
-1.009021550416946411e-01
2.763805389404296875e+00
-1.061827301979064941e+00
6.640909314155578613e-01
-4.146698474884033203e+00
-2.102329254150390625e+00
-4.051337718963623047e+00
-6.247073411941528320e-01
2.309329271316528320e+00
1.036187529563903809e+00
1.094262361526489258e+00
-3.650404930114746094e+00
-2.975903451442718506e-01
