3.309614211320877075e-02
-2.139417648315429688e+00
-1.271864295005798340e+00
-3.158613681793212891e+00
6.872526407241821289e-01
-2.665538787841796875e+00
-3.119994163513183594e+00
1.740890026092529297e+00
2.155752658843994141e+00
-2.286103248596191406e+00
-2.937396764755249023e+00
-2.500047206878662109e+00
3.076732158660888672e+00
-9.095585346221923828e-01
1.198264718055725098e+00
2.458557605743408203e+00
-3.146463871002197266e+00
1.450302958488464355e+00
2.675423920154571533e-01
-2.828266620635986328e+00
2.904468536376953125e+00
3.111539840698242188e+00
1.188258767127990723e+00
1.284057140350341797e+00
1.935475766658782959e-01
2.962597608566284180e+00
2.851957082748413086e+00
-2.547558069229125977e+00
1.711295485496520996e+00
-1.801439285278320312e+00
