1.581604123115539551e+00
1.423618674278259277e+00
-6.799691915512084961e-01
-9.535278081893920898e-01
1.524734854698181152e+00
-1.578956007957458496e+00
3.414252772927284241e-02
1.579846143722534180e+00
1.483130216598510742e+00
-1.578233480453491211e+00
-1.596785783767700195e+00
1.534174084663391113e+00
-1.174871683120727539e+00
1.611811161041259766e+00
-1.137250542640686035e+00
6.040129661560058594e-01
1.309899568557739258e+00
-1.589286565780639648e+00
1.371949791908264160e+00
-4.817453026771545410e-01
1.537583827972412109e+00
1.595305085182189941e+00
1.393427968025207520e+00
1.229000806808471680e+00
1.454165339469909668e+00
1.365677919238805771e-02
6.016209721565246582e-01
-1.337456703186035156e+00
1.486332058906555176e+00
4.274637699127197266e-01
