9.741309881210327148e-01
-1.646168470382690430e+00
1.295803189277648926e+00
2.641405105590820312e+00
2.943196058273315430e+00
2.694675028324127197e-01
-1.607087016105651855e+00
1.391263008117675781e+00
2.676849842071533203e+00
2.142195940017700195e+00
1.541500091552734375e+00
9.415492415428161621e-01
2.922817230224609375e+00
-2.786264657974243164e+00
2.992898702621459961e+00
-2.073081254959106445e+00
2.022874116897583008e+00
2.532754421234130859e+00
2.717841386795043945e+00
-2.226202964782714844e+00
8.254256248474121094e-01
-2.595734834671020508e+00
1.151161551475524902e+00
-2.304181337356567383e+00
1.448222756385803223e+00
-2.970080852508544922e+00
1.392551302909851074e+00
2.990236043930053711e+00
2.849384546279907227e+00
2.503960847854614258e+00
