1.988393187522888184e+00
2.103338479995727539e+00
2.376205444335937500e+00
2.879656553268432617e+00
-3.333735466003417969e+00
-3.404892206192016602e+00
-3.288361072540283203e+00
-3.313149213790893555e+00
-2.764906406402587891e+00
2.796326398849487305e+00
-6.365855336189270020e-01
-3.236407756805419922e+00
3.347979307174682617e+00
1.466803193092346191e+00
2.237269878387451172e+00
3.284534692764282227e+00
-2.671535015106201172e+00
3.489121675491333008e+00
-3.309586524963378906e+00
-3.405288696289062500e+00
-1.305889487266540527e+00
2.942078828811645508e+00
3.360895395278930664e+00
3.437948465347290039e+00
1.544274687767028809e+00
-3.370025157928466797e+00
-1.852822780609130859e+00
-2.812413692474365234e+00
-2.079275131225585938e+00
1.146728873252868652e+00
