1.674383997917175293e+00
2.208649635314941406e+00
-2.955964766442775726e-02
2.247746944427490234e+00
5.444087982177734375e-01
-5.121215581893920898e-01
-1.370588541030883789e-01
1.675837993621826172e+00
-1.938586473464965820e+00
8.324725031852722168e-01
1.346824169158935547e+00
-2.093627214431762695e+00
-1.055366277694702148e+00
1.264732956886291504e+00
-2.048697710037231445e+00
2.136651277542114258e+00
-1.864060640335083008e+00
-2.215182304382324219e+00
-2.228670597076416016e+00
8.470638990402221680e-01
5.002894401550292969e-01
-1.108570575714111328e+00
2.227646589279174805e+00
-2.086626052856445312e+00
-2.123854160308837891e+00
-1.550996422767639160e+00
-6.535865366458892822e-02
-2.181042194366455078e+00
-1.027775287628173828e+00
-1.996094226837158203e+00
