3.351203203201293945e+00
3.450416326522827148e+00
1.112469315528869629e+00
-4.193343162536621094e+00
1.826956987380981445e+00
2.275683164596557617e+00
4.646358489990234375e-01
-3.669227123260498047e+00
-1.883583784103393555e+00
-9.548731148242950439e-02
-2.135378122329711914e+00
3.748285770416259766e+00
5.450231432914733887e-01
3.479154586791992188e+00
5.799912214279174805e-01
1.761347055435180664e+00
1.503699272871017456e-01
4.284830570220947266e+00
4.518163204193115234e+00
1.200006127357482910e+00
2.824166536331176758e+00
-4.114362239837646484e+00
1.312036752700805664e+00
-4.473844528198242188e+00
4.159842967987060547e+00
-4.517833709716796875e+00
-4.509444236755371094e+00
-1.828983128070831299e-01
-1.760627269744873047e+00
-4.088884830474853516e+00
