1.063919812440872192e-01
2.890165328979492188e+00
-3.878191709518432617e+00
1.972966551780700684e+00
1.944153189659118652e+00
-2.159214735031127930e+00
1.912450075149536133e+00
-3.650066614151000977e+00
-2.997886419296264648e+00
-2.455622196197509766e+00
1.570663332939147949e+00
2.798572778701782227e+00
-3.606715202331542969e+00
-8.887558579444885254e-01
-2.753920316696166992e+00
-2.385359048843383789e+00
-4.000894069671630859e+00
-1.331560969352722168e+00
2.088908910751342773e+00
-1.406571269035339355e+00
3.168305158615112305e+00
3.723918437957763672e+00
3.522124052047729492e+00
6.299862861633300781e-01
-3.733242273330688477e+00
3.086012005805969238e-01
-3.585418939590454102e+00
3.071772575378417969e+00
3.910522222518920898e+00
9.990233778953552246e-01
