3.226165056228637695e+00
3.256339311599731445e+00
-3.463020324707031250e+00
1.466216087341308594e+00
3.071834325790405273e+00
-1.181903123855590820e+00
-1.492724776268005371e+00
3.299290895462036133e+00
1.727058649063110352e+00
-1.730453491210937500e+00
3.768593788146972656e+00
3.747308969497680664e+00
4.364494800567626953e+00
4.074473381042480469e+00
1.563978433609008789e+00
3.529697179794311523e+00
3.701920747756958008e+00
-2.953026771545410156e+00
3.187939524650573730e-01
2.216200351715087891e+00
4.403710842132568359e+00
-4.160736560821533203e+00
2.322735071182250977e+00
-1.423352241516113281e+00
-3.967144727706909180e+00
-1.280110955238342285e+00
2.701554298400878906e+00
4.357480049133300781e+00
-1.079413890838623047e+00
3.605718612670898438e+00
