4.799891948699951172e+00
3.830912709236145020e-01
-4.462651729583740234e+00
3.708927154541015625e+00
-1.567474246025085449e+00
3.632024765014648438e+00
4.683865547180175781e+00
7.886881381273269653e-02
2.710439205169677734e+00
-1.994155406951904297e+00
-6.929496526718139648e-01
-4.543831348419189453e+00
3.184421539306640625e+00
2.485613584518432617e+00
4.614316940307617188e+00
4.290703773498535156e+00
4.646398067474365234e+00
3.179640531539916992e+00
4.367376327514648438e+00
1.189283132553100586e+00
-4.058903694152832031e+00
4.003530025482177734e+00
-6.784623116254806519e-02
3.851336240768432617e+00
-3.730980157852172852e+00
4.604198932647705078e+00
3.112005233764648438e+00
1.261338591575622559e+00
-1.366633772850036621e+00
4.735358715057373047e+00
