2.554917573928833008e+00
-4.190443992614746094e+00
4.694684982299804688e+00
4.666220664978027344e+00
1.271527051925659180e+00
4.206952095031738281e+00
3.975124120712280273e+00
-2.189113378524780273e+00
-3.595409393310546875e+00
1.314359903335571289e+00
4.431209564208984375e+00
-1.363355398178100586e+00
1.811704158782958984e+00
-4.911162704229354858e-02
1.962446123361587524e-01
4.745165824890136719e+00
-4.755353927612304688e+00
-3.650311470031738281e+00
4.724993228912353516e+00
-3.267357587814331055e+00
5.012626647949218750e-01
4.546576023101806641e+00
-1.872869610786437988e+00
4.672422409057617188e+00
3.757042407989501953e+00
4.475747585296630859e+00
-2.918460845947265625e+00
4.689715862274169922e+00
3.532536923885345459e-01
-2.555570840835571289e+00
