1.544766902923583984e+00
1.400975227355957031e+00
-1.437010884284973145e+00
8.362542986869812012e-01
1.011117339134216309e+00
-1.745084404945373535e+00
-7.999277710914611816e-01
8.156708478927612305e-01
2.795663475990295410e-01
-4.822434782981872559e-01
-1.812038421630859375e-01
-1.944849252700805664e+00
-1.094714879989624023e+00
1.531549811363220215e+00
-1.577276110649108887e+00
1.129340767860412598e+00
-6.933972239494323730e-01
-8.244331479072570801e-01
-1.560903549194335938e+00
3.973897099494934082e-01
1.054925680160522461e+00
1.616474509239196777e+00
3.922105133533477783e-01
1.913385272026062012e+00
1.484687179327011108e-01
9.366519451141357422e-01
-7.271570563316345215e-01
-1.767200112342834473e+00
1.445070505142211914e+00
1.931315898895263672e+00
