1.099093675613403320e+00
-4.974977970123291016e-01
-5.922724306583404541e-02
8.115467429161071777e-01
-9.996978640556335449e-01
-4.035488367080688477e-01
1.570736318826675415e-01
-7.851170897483825684e-01
-1.102509379386901855e+00
3.056023968383669853e-03
1.031103730201721191e+00
-9.180971980094909668e-01
2.777481675148010254e-01
-9.812868237495422363e-01
-6.923656463623046875e-01
-4.757222533226013184e-01
8.516182899475097656e-01
-7.142934799194335938e-01
-1.065668582916259766e+00
-9.714247584342956543e-01
1.112196445465087891e+00
9.017934203147888184e-01
-5.622021108865737915e-02
1.112271547317504883e+00
-1.039360404014587402e+00
-9.835695028305053711e-01
-1.095540523529052734e+00
1.084130764007568359e+00
-6.812164783477783203e-01
-6.901593208312988281e-01
