1.185511827468872070e+00
-8.129390478134155273e-01
1.133272767066955566e+00
-1.330078363418579102e+00
1.099212050437927246e+00
1.167708754539489746e+00
4.911513999104499817e-02
-1.023850321769714355e+00
6.188617348670959473e-01
7.975712418556213379e-01
1.350493431091308594e+00
1.336346626281738281e+00
1.809113472700119019e-01
1.318323373794555664e+00
1.298717379570007324e+00
1.178112745285034180e+00
1.334608316421508789e+00
-1.143943309783935547e+00
1.047188997268676758e+00
-1.167510986328125000e+00
-1.307747483253479004e+00
9.769084453582763672e-01
-1.342235207557678223e+00
1.322849154472351074e+00
-1.805052012205123901e-01
-5.984251499176025391e-01
1.090531826019287109e+00
1.152306556701660156e+00
1.109181046485900879e+00
1.217281222343444824e+00
