2.259268999099731445e+00
-1.256775140762329102e+00
2.595196008682250977e+00
1.728119492530822754e+00
2.712374210357666016e+00
-1.682192325592041016e+00
1.545782983303070068e-01
-3.342907905578613281e+00
2.030077934265136719e+00
1.933084726333618164e+00
1.678178310394287109e-01
-3.199342966079711914e+00
-3.344254255294799805e+00
-7.350964546203613281e-01
-2.081395864486694336e+00
1.648288488388061523e+00
3.236877441406250000e+00
3.228720664978027344e+00
1.724860072135925293e+00
-2.125077247619628906e+00
-2.136721372604370117e+00
-2.299709081649780273e+00
-1.709967970848083496e+00
3.015149593353271484e+00
-2.545990705490112305e+00
3.357220411300659180e+00
-5.007008314132690430e-01
2.932806253433227539e+00
2.958227396011352539e+00
-1.929996013641357422e+00
