3.442206978797912598e-01
-2.709463834762573242e+00
6.662941575050354004e-01
-1.128686428070068359e+00
3.364015102386474609e+00
1.450379848480224609e+00
2.910682916641235352e+00
2.736666679382324219e+00
-1.240378499031066895e+00
1.178757429122924805e+00
3.825973033905029297e+00
3.839889049530029297e+00
2.752263545989990234e+00
4.106297969818115234e+00
-3.190316855907440186e-01
-3.063719570636749268e-01
-4.085413455963134766e+00
-7.906235456466674805e-01
4.033308506011962891e+00
1.107410430908203125e+00
-3.910359621047973633e+00
-7.984583973884582520e-01
1.500513195991516113e+00
3.967262029647827148e+00
-7.240424752235412598e-01
-3.730902194976806641e+00
2.818696498870849609e-01
-3.201018095016479492e+00
1.515887260437011719e+00
-2.800234317779541016e+00
