-1.236229538917541504e+00
-2.790417909622192383e+00
2.073167800903320312e+00
-2.155565738677978516e+00
2.263594150543212891e+00
2.784417390823364258e+00
2.811813116073608398e+00
8.783209919929504395e-01
-2.799423694610595703e+00
8.485773801803588867e-01
-9.303839802742004395e-01
2.702901363372802734e+00
-2.834753274917602539e+00
-1.996651887893676758e+00
1.313889026641845703e+00
2.414609909057617188e+00
1.529754519462585449e+00
1.405944585800170898e+00
2.796711206436157227e+00
2.804660499095916748e-01
-1.288653850555419922e+00
1.859191298484802246e+00
-9.082158803939819336e-01
1.288360476493835449e+00
1.808226943016052246e+00
2.340288400650024414e+00
-2.608097553253173828e+00
1.792886495590209961e+00
-2.265445947647094727e+00
-2.624478816986083984e+00
