-6.008390784263610840e-01
1.176617026329040527e+00
-3.702072799205780029e-01
9.580509066581726074e-01
-2.773098349571228027e-01
9.671958684921264648e-01
1.140670418739318848e+00
-1.115630745887756348e+00
-5.989303588867187500e-01
-4.743425548076629639e-01
-4.231072962284088135e-01
1.001143813133239746e+00
1.144541978836059570e+00
6.378700137138366699e-01
-8.722029328346252441e-01
1.140726089477539062e+00
-9.519976973533630371e-01
5.193904638290405273e-01
-4.062572419643402100e-01
-6.787661314010620117e-01
-1.068325996398925781e+00
3.098438084125518799e-01
8.298459053039550781e-01
-9.543271064758300781e-01
1.021079659461975098e+00
8.247553706169128418e-01
-1.738759726285934448e-01
-3.182169049978256226e-02
8.884415030479431152e-01
4.626887440681457520e-01
