-1.379429221153259277e+00
-2.280890703201293945e+00
4.837083339691162109e+00
3.582983016967773438e+00
3.598987579345703125e+00
4.908339023590087891e+00
4.425051689147949219e+00
-4.833953857421875000e+00
-4.851675987243652344e+00
-8.371822834014892578e-01
-4.255345821380615234e+00
4.042769432067871094e+00
-2.674102306365966797e+00
4.803799629211425781e+00
-4.418634414672851562e+00
4.524250507354736328e+00
-9.928643703460693359e-02
-3.180100679397583008e+00
4.553819179534912109e+00
7.529659271240234375e-01
3.811054468154907227e+00
1.386475324630737305e+00
2.463849782943725586e+00
-1.527680456638336182e-01
1.347960352897644043e+00
-3.405424594879150391e+00
-4.868807315826416016e+00
-2.205601692199707031e+00
-4.279693603515625000e+00
-1.396127939224243164e+00
