-8.553041815757751465e-01
5.187966227531433105e-01
-1.031126141548156738e+00
5.335788130760192871e-01
-3.151365369558334351e-02
-4.690620005130767822e-01
8.459621667861938477e-01
3.007836453616619110e-02
-8.398202061653137207e-01
1.017074108123779297e+00
9.264943003654479980e-01
-8.567807078361511230e-01
6.676909923553466797e-01
8.268734812736511230e-01
1.261364668607711792e-02
-1.039190173149108887e+00
6.823864579200744629e-01
-5.017508268356323242e-01
-1.027307629585266113e+00
3.915839791297912598e-01
-8.589715361595153809e-01
6.121770143508911133e-01
3.603939712047576904e-01
4.562382102012634277e-01
-9.227525591850280762e-01
1.061682939529418945e+00
1.012297987937927246e+00
8.245444893836975098e-01
-6.136403679847717285e-01
-3.455365076661109924e-02
