-2.230261564254760742e+00
2.210201978683471680e+00
-1.193478822708129883e+00
-4.499113857746124268e-01
-1.230630159378051758e+00
2.183751583099365234e+00
-3.227405250072479248e-01
2.263900756835937500e+00
2.157091617584228516e+00
-1.805182099342346191e-01
-1.865475773811340332e+00
9.852299690246582031e-01
2.138500213623046875e+00
-2.902770340442657471e-01
-2.003449678421020508e+00
1.626940131187438965e+00
-3.595128357410430908e-01
1.534126043319702148e+00
-2.051192760467529297e+00
2.228148937225341797e+00
1.299402952194213867e+00
-1.700263142585754395e+00
1.265685915946960449e+00
1.071578502655029297e+00
-2.221840620040893555e+00
1.199074387550354004e+00
-1.716848015785217285e+00
-2.210848569869995117e+00
2.088820457458496094e+00
1.261441826820373535e+00
