1.453117966651916504e+00
3.506420850753784180e+00
4.435204505920410156e+00
-3.100802183151245117e+00
-4.384900093078613281e+00
4.599798679351806641e+00
4.583993911743164062e+00
7.281024456024169922e-01
-3.935518980026245117e+00
-5.140107870101928711e-01
-2.674910545349121094e+00
1.679656505584716797e+00
-4.514024734497070312e+00
-1.277621865272521973e+00
-4.538152217864990234e+00
-3.179881334304809570e+00
1.790763378143310547e+00
-3.352456092834472656e+00
-1.285086572170257568e-01
-4.538710117340087891e+00
3.670250892639160156e+00
1.782190442085266113e+00
-4.617458343505859375e+00
-1.249183893203735352e+00
-1.209754705429077148e+00
-1.901206523180007935e-01
-2.623213291168212891e+00
-4.441032409667968750e+00
4.299210071563720703e+00
-2.402565717697143555e+00
