1.140846133232116699e+00
3.221615076065063477e+00
-3.876402139663696289e+00
-7.025089859962463379e-01
2.635613203048706055e+00
-3.482855796813964844e+00
-3.772275924682617188e+00
1.838438391685485840e+00
1.071310400962829590e+00
-2.674482345581054688e+00
3.387383460998535156e+00
2.004308104515075684e-01
9.834584593772888184e-01
-1.676883816719055176e+00
-3.960136175155639648e+00
1.949587583541870117e+00
-3.035288095474243164e+00
-7.402716875076293945e-01
-3.895164728164672852e+00
3.852972745895385742e+00
-3.090445041656494141e+00
4.064474105834960938e+00
-2.000271320343017578e+00
-1.412955880165100098e+00
3.344615936279296875e+00
-2.146856486797332764e-01
3.468938112258911133e+00
1.621142178773880005e-01
-3.223761796951293945e+00
-2.511835098266601562e+00
