2.426864385604858398e+00
-2.322684764862060547e+00
6.150048375129699707e-01
2.458011388778686523e+00
-1.810131669044494629e+00
4.414443373680114746e-01
1.399886965751647949e+00
1.645639061927795410e+00
-2.441772460937500000e+00
-1.876588314771652222e-01
1.483553409576416016e+00
1.638321757316589355e+00
-1.064522981643676758e+00
-8.495610952377319336e-01
-7.706865668296813965e-01
-4.502971470355987549e-02
-2.263646364212036133e+00
3.545650839805603027e-01
-2.215308904647827148e+00
-2.351535797119140625e+00
2.385029554367065430e+00
1.457318663597106934e+00
2.364820241928100586e+00
-6.547637581825256348e-01
1.959657311439514160e+00
1.159804344177246094e+00
-8.126799464225769043e-01
-4.586859643459320068e-01
-1.458542227745056152e+00
1.172064065933227539e+00
