-2.148914337158203125e+00
-1.782158732414245605e+00
-1.155357837677001953e+00
2.647968232631683350e-01
-2.314023733139038086e+00
-2.095274448394775391e+00
-2.215263843536376953e+00
-2.051116704940795898e+00
-8.456028699874877930e-01
2.128008604049682617e+00
1.951707601547241211e+00
1.919137239456176758e+00
-1.616786003112792969e+00
1.765019655227661133e+00
-1.663175106048583984e+00
8.305754065513610840e-01
-2.098747253417968750e+00
2.227273941040039062e+00
-2.167612791061401367e+00
-5.081930160522460938e-01
-1.739816665649414062e+00
-1.751134276390075684e+00
-2.671366631984710693e-01
2.228144407272338867e+00
-1.719942927360534668e+00
1.937798380851745605e+00
-1.549835443496704102e+00
-2.055483341217041016e+00
-2.064385890960693359e+00
1.994859218597412109e+00
