-2.735075473785400391e+00
-2.854122877120971680e+00
-1.500085115432739258e+00
4.888953268527984619e-01
-2.469819545745849609e+00
2.932952165603637695e+00
2.817389488220214844e+00
-2.910598039627075195e+00
-1.581098288297653198e-01
-8.974242210388183594e-01
-9.873395562171936035e-01
2.588342189788818359e+00
-1.681153774261474609e+00
2.938806295394897461e+00
-1.229696273803710938e+00
-2.649317741394042969e+00
2.967340946197509766e+00
-2.870055675506591797e+00
-1.249397277832031250e+00
-1.127954483032226562e+00
-2.652627706527709961e+00
-2.151385843753814697e-01
4.059623181819915771e-01
-2.664887905120849609e+00
2.330792427062988281e+00
-5.607821345329284668e-01
-4.758141934871673584e-02
-4.259606003761291504e-01
-2.399331808090209961e+00
-1.707186937332153320e+00
