-2.914540529251098633e+00
-2.836171388626098633e+00
2.856618881225585938e+00
1.225607022643089294e-01
2.781713485717773438e+00
-2.295167684555053711e+00
-1.793113112449645996e+00
2.684848785400390625e+00
-8.833108544349670410e-01
2.822963476181030273e+00
-1.513340830802917480e+00
-2.870523929595947266e+00
2.788913965225219727e+00
2.861509084701538086e+00
1.897196412086486816e+00
-2.114523649215698242e+00
-5.256860852241516113e-01
-2.612135410308837891e+00
-1.518250107765197754e+00
-2.845466613769531250e+00
2.483677625656127930e+00
-1.738767385482788086e+00
-9.576414227485656738e-01
1.221688836812973022e-01
1.075430274009704590e+00
-1.585755109786987305e+00
-2.635218143463134766e+00
-2.763946056365966797e+00
1.151494622230529785e+00
-2.236533463001251221e-01
