-1.443799734115600586e+00
-1.765267610549926758e+00
-5.972180962562561035e-01
-1.760587096214294434e+00
1.356792092323303223e+00
6.221832633018493652e-01
-1.494814395904541016e+00
-5.269000530242919922e-01
1.854248285293579102e+00
1.545165896415710449e+00
-1.297910094261169434e+00
-3.715763390064239502e-01
-1.807323336601257324e+00
-1.246994256973266602e+00
-1.814197540283203125e+00
-1.555145859718322754e+00
-7.903934121131896973e-01
1.676034569740295410e+00
6.359865069389343262e-01
1.573867201805114746e+00
7.531459331512451172e-01
8.226647973060607910e-01
-1.404257416725158691e+00
1.809370994567871094e+00
-9.330406785011291504e-01
-1.358475446701049805e+00
-8.704456686973571777e-01
1.538580775260925293e+00
1.796432614326477051e+00
-1.004873394966125488e+00
