1.207270741462707520e+00
2.856085076928138733e-02
1.451613664627075195e+00
1.445369839668273926e+00
1.206384778022766113e+00
-4.475162625312805176e-01
-1.440874457359313965e+00
2.376842200756072998e-01
8.173603415489196777e-01
1.365293383598327637e+00
-1.422319531440734863e+00
1.468733191490173340e+00
-1.652445077896118164e+00
-3.066575825214385986e-01
-1.377607345581054688e+00
-1.767889708280563354e-01
-1.505914092063903809e+00
7.071538567543029785e-01
4.125812053680419922e-01
1.562951326370239258e+00
-1.645068407058715820e+00
-1.311672806739807129e+00
-1.583374738693237305e+00
1.655642390251159668e+00
-1.394020438194274902e+00
-2.560384571552276611e-01
-2.760410308837890625e-01
1.191651582717895508e+00
1.101070284843444824e+00
-1.049795150756835938e+00
