-3.550466537475585938e+00
3.612932682037353516e+00
1.655833125114440918e+00
-4.057689666748046875e+00
-3.099755287170410156e+00
-2.476277828216552734e+00
-3.216583728790283203e+00
-2.485993385314941406e+00
-3.036422967910766602e+00
-3.940426588058471680e+00
1.204485297203063965e+00
-3.714930772781372070e+00
-1.970190405845642090e+00
2.460107564926147461e+00
-6.979868412017822266e-01
-2.602348327636718750e+00
1.699947714805603027e+00
3.986303806304931641e+00
-8.946060538291931152e-01
1.727284789085388184e-01
8.264432549476623535e-01
-2.479689836502075195e+00
-3.081605911254882812e+00
-3.021276235580444336e+00
4.007528305053710938e+00
-1.130956530570983887e+00
2.319473981857299805e+00
3.946834087371826172e+00
-3.483255147933959961e+00
-2.457211256027221680e+00
