-2.160504102706909180e+00
2.038715362548828125e+00
-1.217860817909240723e+00
2.154832601547241211e+00
2.097741603851318359e+00
-1.236669659614562988e+00
-2.203178167343139648e+00
2.147565841674804688e+00
-2.187885999679565430e+00
-2.241895675659179688e+00
-1.528705239295959473e+00
-1.132045745849609375e+00
-2.374787181615829468e-01
8.943116664886474609e-01
-2.208617210388183594e+00
2.004320859909057617e+00
-1.601539373397827148e+00
-8.521285653114318848e-01
-2.141313552856445312e+00
4.236489832401275635e-01
2.048088788986206055e+00
1.777917861938476562e+00
-2.213083267211914062e+00
6.605643033981323242e-01
1.206840753555297852e+00
-1.059054732322692871e+00
6.431579589843750000e-02
-2.070243209600448608e-01
1.581024169921875000e+00
7.884199023246765137e-01
