1.913645714521408081e-01
3.359935998916625977e+00
-1.994078397750854492e+00
2.997500419616699219e+00
4.010462284088134766e+00
3.380438089370727539e+00
3.368445158004760742e+00
-2.787117481231689453e+00
-1.962958931922912598e+00
8.829644322395324707e-01
2.464546918869018555e+00
3.986514329910278320e+00
-3.769376277923583984e+00
2.274524450302124023e+00
1.175138726830482483e-01
9.104248881340026855e-01
3.999398946762084961e+00
-1.827191859483718872e-01
-2.901612997055053711e+00
-3.936911821365356445e+00
2.527727603912353516e+00
3.670046567916870117e+00
3.432346343994140625e+00
-3.434890508651733398e+00
-3.374018430709838867e+00
-4.919699430465698242e-01
-3.496009826660156250e+00
-3.477557897567749023e-01
2.956518173217773438e+00
-6.202595233917236328e-01
