-2.281909227371215820e+00
-2.408547401428222656e+00
4.511855542659759521e-01
-1.283984184265136719e+00
-1.350834012031555176e+00
-2.482285022735595703e+00
6.525417417287826538e-02
5.291665792465209961e-01
2.489031076431274414e+00
-2.586286783218383789e+00
-1.725249171257019043e+00
2.358839988708496094e+00
-1.499847769737243652e+00
1.012454271316528320e+00
-2.498147964477539062e+00
2.234210491180419922e+00
-2.078936100006103516e+00
2.054913043975830078e+00
5.330924987792968750e-01
2.507328510284423828e+00
5.413867831230163574e-01
-7.426491975784301758e-01
-1.938057303428649902e+00
-1.282794028520584106e-01
-1.385413169860839844e+00
-7.165494561195373535e-01
-2.432561397552490234e+00
-2.420057296752929688e+00
5.107245445251464844e-01
-1.988318443298339844e+00
