4.820284247398376465e-01
-2.128249406814575195e+00
5.279583334922790527e-01
2.569611370563507080e-01
-1.661499619483947754e+00
1.807570099830627441e+00
-2.202897548675537109e+00
1.894804477691650391e+00
1.010049507021903992e-01
2.014964580535888672e+00
2.163008451461791992e+00
1.707348972558975220e-01
1.594050049781799316e+00
-1.165098309516906738e+00
-1.561384201049804688e+00
-1.778752803802490234e+00
2.073216438293457031e+00
3.159292936325073242e-01
1.451276302337646484e+00
2.118237495422363281e+00
6.189307942986488342e-02
-6.663906574249267578e-01
-2.968416921794414520e-02
1.843906760215759277e+00
1.797376394271850586e+00
-7.115886211395263672e-01
1.709413170814514160e+00
9.526662826538085938e-01
2.109975337982177734e+00
-8.819817006587982178e-02
