2.173818111419677734e+00
4.114172160625457764e-01
8.047366738319396973e-01
1.424496412277221680e+00
7.005454897880554199e-01
7.017043232917785645e-01
-1.241650819778442383e+00
-1.132164478302001953e+00
-1.567595601081848145e+00
-5.312326550483703613e-01
2.167074203491210938e+00
1.817131042480468750e+00
5.132104754447937012e-01
1.950311183929443359e+00
2.145313024520874023e+00
1.075718879699707031e+00
7.349169254302978516e-01
-1.496325492858886719e+00
-1.112571239471435547e+00
1.190565824508666992e-01
1.855399847030639648e+00
2.185875177383422852e+00
2.104523897171020508e+00
-1.764868736267089844e+00
-2.226987838745117188e+00
2.391023337841033936e-01
-2.200300455093383789e+00
-1.185821652412414551e+00
-1.757935166358947754e+00
2.056784391403198242e+00
