-1.061578989028930664e+00
-2.344860076904296875e+00
1.175317049026489258e+00
-1.101035714149475098e+00
-8.942877650260925293e-01
1.945394635200500488e+00
-7.125115394592285156e-01
2.469027757644653320e+00
-1.641393184661865234e+00
-1.588273286819458008e+00
2.473038434982299805e+00
-1.914853096008300781e+00
2.352492094039916992e+00
2.429894208908081055e+00
-1.633245944976806641e+00
-1.937464118003845215e+00
-2.414176702499389648e+00
-1.143213510513305664e+00
-1.258545994758605957e+00
4.859935641288757324e-01
-2.139560461044311523e+00
2.364801406860351562e+00
2.136103868484497070e+00
2.452505350112915039e+00
-2.160892963409423828e+00
-6.271723508834838867e-01
-5.610948204994201660e-01
-1.168948888778686523e+00
-2.307630777359008789e+00
-1.715340256690979004e+00
