2.870420217514038086e+00
7.052600383758544922e-01
5.346056818962097168e-01
-4.731904506683349609e+00
-3.119014978408813477e+00
-3.701961040496826172e+00
-5.438948869705200195e-01
3.166243314743041992e+00
-5.143692493438720703e-01
1.092817261815071106e-02
3.724253416061401367e+00
-4.484328269958496094e+00
-9.302242100238800049e-02
-1.496944308280944824e+00
-2.058599233627319336e+00
1.634957967326045036e-03
-4.552177429199218750e+00
4.408219814300537109e+00
3.190789461135864258e+00
-2.285762310028076172e+00
4.506334304809570312e+00
-2.947987556457519531e+00
-3.414979457855224609e+00
2.889234066009521484e+00
-4.588987350463867188e+00
-4.194422245025634766e+00
-5.803593993186950684e-01
-2.409399032592773438e+00
-1.759328126907348633e+00
9.764335751533508301e-01
