1.279171705245971680e-01
-2.376070261001586914e+00
3.933591604232788086e+00
-3.728748798370361328e+00
3.810114383697509766e+00
-4.158677160739898682e-01
7.699939608573913574e-01
1.157597899436950684e+00
-3.300131559371948242e+00
3.951368033885955811e-01
-2.737001895904541016e+00
3.344075441360473633e+00
4.918778836727142334e-01
2.488314151763916016e+00
-2.520764350891113281e+00
8.936212062835693359e-01
3.369276046752929688e+00
-3.784553050994873047e+00
5.663239955902099609e-01
2.936668395996093750e+00
-3.978063583374023438e+00
-3.675268650054931641e+00
-3.525622844696044922e+00
3.766299188137054443e-01
8.391081690788269043e-01
-2.319682121276855469e+00
2.930862188339233398e+00
-2.731670856475830078e+00
2.412144094705581665e-02
2.573994159698486328e+00
