-9.941900521516799927e-02
1.814500927925109863e+00
2.372020632028579712e-01
1.674083828926086426e+00
-1.085257411003112793e+00
2.292323261499404907e-01
1.161126494407653809e+00
-1.451593160629272461e+00
7.639349997043609619e-02
-3.091496229171752930e-01
-1.399592399597167969e+00
1.417910456657409668e+00
2.114709615707397461e-01
1.253191947937011719e+00
-1.129325270652770996e+00
1.190733432769775391e+00
-9.797374010086059570e-01
-1.659683942794799805e+00
-5.039395689964294434e-01
-1.790397644042968750e+00
1.795342087745666504e+00
1.335229635238647461e+00
1.052560329437255859e+00
-1.761315703392028809e+00
1.024905562400817871e+00
-1.585530877113342285e+00
7.747532725334167480e-01
-2.242988497018814087e-01
1.666925430297851562e+00
5.328764319419860840e-01
