-2.318558692932128906e+00
1.644279956817626953e+00
-1.253176927566528320e+00
2.360609769821166992e+00
1.858154296875000000e+00
2.367834091186523438e+00
2.395304203033447266e+00
-2.806121706962585449e-01
-7.979130744934082031e-01
-2.202628612518310547e+00
-1.043616175651550293e+00
-1.738380312919616699e+00
-1.551800489425659180e+00
5.475219488143920898e-01
-2.117245197296142578e+00
5.793631672859191895e-01
-2.396260023117065430e+00
1.727270364761352539e+00
1.452466249465942383e+00
4.577958583831787109e-02
6.584180593490600586e-01
-1.851678013801574707e+00
2.323221921920776367e+00
1.691068887710571289e+00
-2.217288255691528320e+00
1.764436483383178711e+00
-2.109253644943237305e+00
1.480579257011413574e+00
2.731604129076004028e-02
-1.589528322219848633e+00
