-3.579368591308593750e+00
-4.075553894042968750e+00
-4.336844921112060547e+00
-4.307320594787597656e+00
3.904421329498291016e+00
-1.653577983379364014e-01
-3.649328708648681641e+00
3.785001277923583984e+00
-4.029095649719238281e+00
2.148301362991333008e+00
-7.119448184967041016e-01
4.350580871105194092e-01
-1.507206559181213379e+00
3.765076875686645508e+00
-9.063882380723953247e-02
3.064517974853515625e+00
-3.161094188690185547e+00
-1.271488308906555176e+00
-2.136844635009765625e+00
-3.013591527938842773e+00
-2.460341453552246094e+00
-1.091141939163208008e+00
4.285259246826171875e+00
-1.160524845123291016e+00
2.840186655521392822e-01
8.739591240882873535e-01
2.906358957290649414e+00
-2.599081099033355713e-01
-8.806034922599792480e-01
-3.780168771743774414e+00
