4.556462466716766357e-01
9.154132008552551270e-01
1.921631693840026855e+00
1.532396674156188965e+00
-1.805703878402709961e+00
6.123220920562744141e-01
3.472601175308227539e-01
-1.708467125892639160e+00
-6.114981174468994141e-01
1.822278499603271484e+00
-2.165416955947875977e+00
-1.087578058242797852e+00
2.142780303955078125e+00
3.591368198394775391e-01
-1.351977139711380005e-01
5.519444942474365234e-01
-4.995033517479896545e-02
2.131504297256469727e+00
2.131948232650756836e+00
2.059867858886718750e+00
1.474287867546081543e+00
1.740151882171630859e+00
1.683900237083435059e+00
2.159162282943725586e+00
-1.868360638618469238e+00
8.055532574653625488e-01
-3.626565039157867432e-01
-2.266349345445632935e-01
6.684981584548950195e-01
-1.494097948074340820e+00
