-2.035414218902587891e+00
1.763263225555419922e+00
2.957782506942749023e+00
-3.810337483882904053e-01
2.655975341796875000e+00
2.767173528671264648e+00
-3.045529127120971680e+00
2.252824068069458008e+00
3.072796344757080078e+00
2.624059200286865234e+00
2.497763395309448242e+00
-3.071853160858154297e+00
2.518517255783081055e+00
1.817796587944030762e+00
5.643354654312133789e-01
-4.898570775985717773e-01
1.495616197586059570e+00
-8.748776912689208984e-01
2.963050603866577148e+00
2.433738470077514648e+00
2.853757381439208984e+00
6.439560651779174805e-01
2.629119873046875000e+00
-2.767021179199218750e+00
2.809568881988525391e+00
-3.063839673995971680e+00
3.071819543838500977e+00
-2.428774356842041016e+00
-1.530692934989929199e+00
1.710173860192298889e-02
