7.485323548316955566e-01
1.215812683105468750e+00
-7.375969290733337402e-01
1.191449761390686035e-01
1.029792666435241699e+00
-1.226511001586914062e+00
-1.085254788398742676e+00
-1.197066664695739746e+00
-5.923447012901306152e-01
-1.231094717979431152e+00
6.581787467002868652e-01
-4.166158437728881836e-01
1.139393806457519531e+00
-1.001170873641967773e+00
-8.556018471717834473e-01
-1.241101503372192383e+00
8.508705496788024902e-01
-8.456500768661499023e-01
-1.110338330268859863e+00
-8.036471009254455566e-01
-1.130830883979797363e+00
1.173831701278686523e+00
-3.153261542320251465e-01
9.485344886779785156e-01
4.140065908432006836e-01
-1.226395249366760254e+00
6.878139972686767578e-01
1.708339750766754150e-01
-1.100977778434753418e+00
2.193329185247421265e-01
