1.873190045356750488e+00
-2.548369646072387695e+00
1.243567943572998047e+00
8.966608643531799316e-01
-5.333175137639045715e-02
-2.280050992965698242e+00
-2.368547201156616211e+00
3.432535827159881592e-01
-4.470947384834289551e-02
1.394575238227844238e+00
-8.531376719474792480e-01
-1.017725348472595215e+00
2.381496191024780273e+00
-2.446721792221069336e+00
2.520752429962158203e+00
1.499372601509094238e+00
9.396576881408691406e-01
2.353791236877441406e+00
1.881186604499816895e+00
2.445134401321411133e+00
1.112633824348449707e+00
2.557567358016967773e+00
4.692613482475280762e-01
1.908222317695617676e+00
-3.432786166667938232e-01
-2.537812948226928711e+00
8.491217344999313354e-02
2.882207632064819336e-01
-2.528498411178588867e+00
2.526628017425537109e+00
