-2.411152124404907227e-01
-1.972386837005615234e+00
-1.185248494148254395e+00
-1.080446615815162659e-01
-1.669129729270935059e+00
-1.739163041114807129e+00
-7.175515294075012207e-01
1.957800865173339844e+00
2.013489484786987305e+00
-2.244745254516601562e+00
-8.117058873176574707e-01
1.854375481605529785e+00
-9.692996740341186523e-01
1.701195478439331055e+00
1.097231984138488770e+00
-6.334976851940155029e-02
-1.370185494422912598e+00
-5.342843532562255859e-01
-1.076631546020507812e+00
-1.613408327102661133e+00
-1.545522361993789673e-01
2.256924629211425781e+00
-1.337930113077163696e-01
-1.545438408851623535e+00
-2.119525909423828125e+00
7.183332443237304688e-01
5.673096776008605957e-01
-1.820299625396728516e+00
1.296188473701477051e+00
-7.037354111671447754e-01
