8.532153367996215820e-01
2.677493572235107422e+00
-1.112254142761230469e+00
1.421086192131042480e+00
-2.868634462356567383e+00
6.908445805311203003e-02
2.585274934768676758e+00
2.845919370651245117e+00
-2.885832786560058594e+00
1.215254068374633789e+00
-2.024837493896484375e+00
-2.784637689590454102e+00
-1.607239961624145508e+00
1.772697806358337402e+00
-2.937603950500488281e+00
-2.296027392148971558e-01
2.005923271179199219e+00
2.473213672637939453e+00
2.490666151046752930e+00
2.835823535919189453e+00
1.725491523742675781e+00
2.921014547348022461e+00
7.006427049636840820e-01
2.756615877151489258e+00
-1.657821416854858398e+00
1.788102626800537109e+00
1.757956504821777344e+00
2.860548019409179688e+00
-8.072496652603149414e-01
2.255292415618896484e+00
