-2.240160703659057617e+00
-2.083444356918334961e+00
-9.472672343254089355e-01
-2.179942846298217773e+00
-1.695252418518066406e+00
1.331186652183532715e+00
-1.984596133232116699e+00
-4.054498672485351562e-01
-2.246388912200927734e+00
3.579989969730377197e-01
-2.140741109848022461e+00
-2.173671245574951172e+00
-1.145489454269409180e+00
-2.264509439468383789e+00
-2.234978914260864258e+00
1.808076262474060059e+00
-1.183975815773010254e+00
-2.126242160797119141e+00
1.227841734886169434e+00
-2.233288288116455078e+00
-2.323424100875854492e+00
2.181761741638183594e+00
-2.216290712356567383e+00
-2.222890615463256836e+00
2.340510129928588867e+00
-1.745417475700378418e+00
-9.727182388305664062e-01
-2.093259096145629883e+00
2.205291509628295898e+00
1.488877892494201660e+00
