-2.290611743927001953e+00
-1.479067683219909668e+00
-2.675171136856079102e+00
-1.836289048194885254e+00
1.045785784721374512e+00
-1.501912713050842285e+00
-1.353704631328582764e-01
4.734364449977874756e-01
-2.596594333648681641e+00
-2.482854604721069336e+00
2.698930025100708008e+00
-2.101614713668823242e+00
-2.329822063446044922e+00
-1.803347826004028320e+00
-3.491178154945373535e-01
-2.583883523941040039e+00
2.005530357360839844e+00
-2.547585725784301758e+00
-2.666254997253417969e+00
-2.524700641632080078e+00
2.627592086791992188e+00
-2.592624664306640625e+00
-1.062344551086425781e+00
-2.234566926956176758e+00
-2.660649299621582031e+00
-1.672276258468627930e+00
-2.677476406097412109e+00
6.877555847167968750e-01
-1.709062218666076660e+00
-1.346932053565979004e+00
