-3.569519519805908203e+00
1.604207992553710938e+00
3.807285547256469727e+00
3.030010700225830078e+00
1.077096819877624512e+00
-2.455314874649047852e+00
2.637123823165893555e+00
1.368884444236755371e+00
3.624652147293090820e+00
2.205627679824829102e+00
3.713858604431152344e+00
3.140259265899658203e+00
-1.453834623098373413e-01
-2.930231809616088867e+00
-2.553792238235473633e+00
-3.127002239227294922e+00
-3.420323610305786133e+00
-3.413293361663818359e+00
1.405594229698181152e+00
-2.291420698165893555e+00
3.850343704223632812e+00
3.883446931838989258e+00
-3.911533832550048828e+00
1.756977796554565430e+00
2.678294181823730469e+00
2.523837804794311523e+00
2.139867305755615234e+00
-3.672891855239868164e+00
1.956353306770324707e+00
-3.834814071655273438e+00
