7.086809277534484863e-01
-1.155700445175170898e+00
9.349114894866943359e-01
-9.081242084503173828e-01
-9.852035641670227051e-01
5.274334549903869629e-01
-9.606914967298507690e-02
1.186530232429504395e+00
8.875894546508789062e-01
8.247519135475158691e-01
1.210173845291137695e+00
9.410192370414733887e-01
8.180139064788818359e-01
7.895753979682922363e-01
5.195546746253967285e-01
9.578862190246582031e-01
-1.208449006080627441e+00
9.191088080406188965e-01
1.027945280075073242e+00
4.893165528774261475e-01
1.193284630775451660e+00
1.007376670837402344e+00
1.210880994796752930e+00
-1.217148423194885254e+00
1.053803920745849609e+00
8.416685461997985840e-01
-7.335316538810729980e-01
-1.179638624191284180e+00
-9.110121130943298340e-01
-1.031626820564270020e+00
