-3.280809164047241211e+00
1.859308362007141113e+00
-3.004861176013946533e-01
1.752738714218139648e+00
2.397287845611572266e+00
1.691985130310058594e+00
-7.654666900634765625e-01
3.147152423858642578e+00
-3.415734529495239258e+00
-3.413781166076660156e+00
-3.323673486709594727e+00
-3.318306922912597656e+00
9.564503431320190430e-01
-2.876687288284301758e+00
-1.143618896603584290e-01
-6.413317918777465820e-01
-3.140226900577545166e-01
3.274046897888183594e+00
-3.320626020431518555e+00
-3.438691616058349609e+00
3.356688976287841797e+00
-2.170891761779785156e+00
3.397165775299072266e+00
3.350641489028930664e+00
-3.302941918373107910e-01
2.628415822982788086e+00
2.920281887054443359e+00
3.025487184524536133e+00
1.177441596984863281e+00
3.417487621307373047e+00
