-3.010912895202636719e+00
-8.173218369483947754e-01
-1.035066246986389160e+00
4.111907005310058594e+00
2.079082250595092773e+00
3.063799858093261719e+00
9.592639803886413574e-01
1.561694025993347168e+00
3.538083314895629883e+00
-4.121920108795166016e+00
-4.150128841400146484e+00
-2.519028186798095703e+00
-2.067733049392700195e+00
2.034350156784057617e+00
-4.180819511413574219e+00
-3.783101320266723633e+00
3.547701120376586914e+00
-6.566895246505737305e-01
1.748553037643432617e+00
1.551628470420837402e+00
8.180138468742370605e-01
-1.424033880233764648e+00
3.649934053421020508e+00
5.990331172943115234e-01
4.764112234115600586e-01
-2.989316225051879883e+00
4.019869804382324219e+00
-4.116700649261474609e+00
3.722660064697265625e+00
-3.156802415847778320e+00
