-1.624468445777893066e+00
-2.954203128814697266e+00
3.444091320037841797e+00
-4.081192970275878906e+00
-3.970350265502929688e+00
-2.677571773529052734e+00
-1.698225140571594238e-01
-2.696325778961181641e+00
9.542540907859802246e-01
3.451514959335327148e+00
-3.960118293762207031e+00
4.151975810527801514e-01
1.611184954643249512e+00
4.347297668457031250e+00
9.605676531791687012e-01
-4.426890850067138672e+00
2.475796461105346680e+00
-3.499761819839477539e+00
1.990662336349487305e+00
4.471627712249755859e+00
3.078902482986450195e+00
-4.449458122253417969e+00
3.723603725433349609e+00
-4.556383132934570312e+00
-2.906628131866455078e+00
-1.076321244239807129e+00
-3.519789934158325195e+00
-4.343939781188964844e+00
3.503061771392822266e+00
-3.117214441299438477e+00
