2.166151523590087891e+00
2.312233924865722656e+00
-2.980909109115600586e+00
-2.292360305786132812e+00
-2.219903707504272461e+00
3.739639520645141602e+00
3.777835130691528320e+00
-3.288841247558593750e+00
2.817985534667968750e+00
-3.734852552413940430e+00
6.376774907112121582e-01
2.844329357147216797e+00
-1.099798202514648438e+00
-3.207555115222930908e-01
3.084385633468627930e+00
-2.058131694793701172e+00
9.733945727348327637e-01
8.575800061225891113e-01
-2.619387388229370117e+00
-3.057155609130859375e+00
2.143313169479370117e+00
-3.164935111999511719e+00
-2.626501321792602539e+00
2.555785179138183594e+00
3.558927774429321289e+00
3.589916706085205078e+00
2.614568948745727539e+00
1.852579116821289062e+00
-1.255754470825195312e+00
-8.164575695991516113e-01
