3.003278970718383789e+00
3.834407567977905273e+00
4.025417804718017578e+00
-2.924570798873901367e+00
2.795629739761352539e+00
-4.040889739990234375e-01
-2.668589353561401367e-01
2.291837453842163086e+00
3.584887981414794922e+00
2.550818920135498047e+00
-3.642504215240478516e+00
1.929125308990478516e+00
2.363087236881256104e-01
3.427016258239746094e+00
9.676984548568725586e-01
-3.151572227478027344e+00
3.639163494110107422e+00
3.356120586395263672e+00
3.695429801940917969e+00
2.892277479171752930e+00
3.881613254547119141e+00
-2.842441082000732422e+00
-1.719069600105285645e+00
-9.450787901878356934e-01
-1.739223003387451172e+00
2.123737573623657227e+00
-3.776569604873657227e+00
2.863380908966064453e+00
-2.719248771667480469e+00
2.489724159240722656e+00
