-5.400301814079284668e-01
9.028288722038269043e-01
-1.160138368606567383e+00
1.206453368067741394e-01
4.493616223335266113e-01
-1.232249289751052856e-01
1.247796773910522461e+00
-4.928527027368545532e-02
8.799985051155090332e-01
1.146976470947265625e+00
5.712375640869140625e-01
-1.108641862869262695e+00
-8.546173572540283203e-01
9.699892401695251465e-01
-6.069139838218688965e-01
-4.118390977382659912e-01
-4.962505102157592773e-01
-7.691595554351806641e-01
9.863856434822082520e-01
5.418782234191894531e-01
-3.821882009506225586e-01
-6.247710585594177246e-01
5.270665287971496582e-01
-1.464252769947052002e-01
-8.140477538108825684e-01
9.422228932380676270e-01
-1.073708176612854004e+00
9.080440402030944824e-01
-4.498241245746612549e-01
8.005624413490295410e-01
