3.151371479034423828e+00
2.527369976043701172e+00
3.853144884109497070e+00
-1.099267721176147461e+00
-1.661358475685119629e+00
2.447393417358398438e+00
4.243463039398193359e+00
-2.591661691665649414e+00
4.345197200775146484e+00
-7.393714785575866699e-01
4.168384075164794922e+00
4.392614841461181641e+00
2.032156735658645630e-01
4.388337612152099609e+00
3.773345470428466797e+00
-1.641254544258117676e+00
3.917356967926025391e+00
-3.915760278701782227e+00
-1.860903501510620117e+00
-2.632557392120361328e+00
3.462642908096313477e+00
-3.236267328262329102e+00
4.270156383514404297e+00
-2.379008054733276367e+00
3.829159259796142578e+00
1.123184204101562500e+00
-4.218076705932617188e+00
-4.396071910858154297e+00
4.068759441375732422e+00
-4.002928256988525391e+00
