-1.583990335464477539e+00
-2.971185147762298584e-01
-7.363104820251464844e-01
9.585623741149902344e-01
1.197634339332580566e+00
1.632372260093688965e+00
2.171509265899658203e-01
-3.640331327915191650e-01
1.689047098159790039e+00
1.690021038055419922e+00
1.445226550102233887e+00
-8.529130816459655762e-01
6.904239058494567871e-01
3.730332255363464355e-01
-1.549261212348937988e+00
7.321690917015075684e-01
1.026973575353622437e-01
1.101765871047973633e+00
-1.446169495582580566e+00
1.185681939125061035e+00
8.979529887437820435e-02
-4.696899652481079102e-01
7.974068522453308105e-01
-1.016282081604003906e+00
-1.215029239654541016e+00
9.906492829322814941e-01
-4.281318783760070801e-01
-1.193431615829467773e+00
-1.605093002319335938e+00
3.340158164501190186e-01
