-6.330243349075317383e-01
-7.586349248886108398e-01
-2.081723213195800781e+00
3.093008279800415039e+00
-3.318889617919921875e+00
-3.466929197311401367e+00
-2.685560703277587891e+00
2.836719989776611328e+00
2.305499792098999023e+00
-2.127833127975463867e+00
1.679900169372558594e+00
-2.393883705139160156e+00
6.506186127662658691e-01
-2.585907936096191406e+00
2.646691322326660156e+00
3.536350488662719727e+00
3.410608291625976562e+00
-3.368479967117309570e+00
-4.054824113845825195e-01
-3.481016159057617188e+00
2.114259243011474609e+00
-7.371429800987243652e-01
3.462173700332641602e+00
-3.565287828445434570e+00
-3.088005781173706055e+00
2.851586103439331055e+00
-2.672599315643310547e+00
-6.082919836044311523e-01
3.222434043884277344e+00
1.355166554450988770e+00
