1.905183076858520508e+00
-2.174287557601928711e+00
-1.864030003547668457e+00
2.149920225143432617e+00
-1.711523652076721191e+00
6.610155105590820312e-01
1.829932212829589844e+00
-1.689451217651367188e+00
3.698548972606658936e-01
-3.875994682312011719e-01
-1.966019630432128906e+00
-1.384134769439697266e+00
-1.813953161239624023e+00
2.202989816665649414e+00
7.788285613059997559e-01
1.974458336830139160e+00
-9.701486229896545410e-01
-2.201709508895874023e+00
1.268762946128845215e-01
2.253094673156738281e+00
5.455738306045532227e-01
1.709402322769165039e+00
-2.265314817428588867e+00
-1.480444788932800293e+00
2.028273105621337891e+00
-1.295811414718627930e+00
-2.183309793472290039e+00
2.083282232284545898e+00
-7.437698245048522949e-01
1.272742152214050293e+00
