-4.569331645965576172e+00
-3.413331985473632812e+00
4.414580345153808594e+00
-2.213122606277465820e+00
-1.360027551651000977e+00
-1.783453464508056641e+00
3.576884508132934570e+00
3.772191524505615234e+00
4.451690673828125000e+00
-4.406694412231445312e+00
-3.490904808044433594e+00
4.169197559356689453e+00
3.617401599884033203e+00
1.944509148597717285e+00
-2.847832202911376953e+00
4.506218433380126953e+00
-4.878906309604644775e-01
-2.302147448062896729e-01
1.105223417282104492e+00
-3.607623100280761719e+00
-1.814336478710174561e-01
-3.642409801483154297e+00
-4.295648574829101562e+00
-1.714576363563537598e+00
-4.059560775756835938e+00
4.372158050537109375e+00
4.452044486999511719e+00
4.382145881652832031e+00
3.949930667877197266e+00
1.662475109100341797e+00
