-2.259114980697631836e+00
-3.414573371410369873e-01
2.298149585723876953e+00
2.269794940948486328e+00
-2.275382995605468750e+00
-6.047981791198253632e-03
1.680188059806823730e+00
5.934777855873107910e-01
1.648580074310302734e+00
2.076407670974731445e+00
1.500983476638793945e+00
4.132746458053588867e-01
-2.127424478530883789e+00
-2.054312705993652344e+00
-2.271657943725585938e+00
-2.216677427291870117e+00
1.285106062889099121e+00
2.119740724563598633e+00
-1.426495432853698730e+00
-1.240946650505065918e+00
2.324596405029296875e+00
-2.081569910049438477e+00
1.712995171546936035e+00
-5.884585380554199219e-01
1.795124769210815430e+00
1.463109254837036133e+00
2.218383789062500000e+00
-1.661024689674377441e+00
-1.570023298263549805e+00
-1.179744601249694824e-01
