-2.685581445693969727e+00
-3.545774936676025391e+00
3.888026237487792969e+00
-1.302231907844543457e+00
3.257001638412475586e+00
-2.219069242477416992e+00
-2.112392663955688477e+00
1.195037722587585449e+00
-2.308296442031860352e+00
-2.082704067230224609e+00
4.358415305614471436e-01
-3.454394578933715820e+00
7.994276285171508789e-01
-1.276583313941955566e+00
2.024941921234130859e+00
2.453507184982299805e+00
1.866886138916015625e+00
-1.373237371444702148e+00
-1.961261630058288574e+00
-6.763604283332824707e-01
-3.893319368362426758e+00
1.200824260711669922e+00
-3.745606422424316406e+00
1.523007512092590332e+00
-3.077957153320312500e+00
2.652281761169433594e+00
-3.860809803009033203e+00
-6.902712583541870117e-01
-1.532389640808105469e+00
-3.808985352516174316e-01
