2.349919080734252930e+00
2.618007659912109375e+00
2.094303607940673828e+00
-1.633275389671325684e+00
-2.157097160816192627e-01
2.140000343322753906e+00
1.391160011291503906e+00
2.255588293075561523e+00
-2.663427114486694336e+00
-2.142882347106933594e+00
-1.492679715156555176e+00
-2.617311239242553711e+00
-1.802882552146911621e+00
-2.552452087402343750e+00
-9.211149811744689941e-01
-4.050386548042297363e-01
-6.296370178461074829e-02
-3.303932845592498779e-01
2.099531412124633789e+00
-1.565754771232604980e+00
2.697626829147338867e+00
-2.739480972290039062e+00
-1.026783823966979980e+00
-1.442388445138931274e-01
1.965594172477722168e+00
-1.424476951360702515e-01
-2.619472980499267578e+00
2.696467876434326172e+00
1.647545814514160156e+00
2.280649423599243164e+00
