-1.551942110061645508e+00
3.386448323726654053e-01
1.843803405761718750e+00
1.303859114646911621e+00
1.289432168006896973e+00
2.240128993988037109e+00
1.475384682416915894e-01
1.866205811500549316e+00
-7.657641917467117310e-02
1.342961311340332031e+00
-1.198217630386352539e+00
-1.226232171058654785e+00
-2.384971380233764648e+00
3.843364119529724121e-01
-1.131721377372741699e+00
-2.413868188858032227e+00
2.517941713333129883e+00
-2.519994258880615234e+00
2.203176259994506836e+00
-1.952623248100280762e+00
-2.456228017807006836e+00
-2.232643365859985352e+00
2.261429786682128906e+00
1.954142928123474121e+00
-1.291713595390319824e+00
-2.412156820297241211e+00
2.438905000686645508e+00
-1.127183079719543457e+00
2.562217712402343750e+00
2.405291080474853516e+00
