4.259669303894042969e+00
1.637933403253555298e-02
-4.021819114685058594e+00
-1.251623034477233887e+00
-2.190872669219970703e+00
2.150023698806762695e+00
-1.189944982528686523e+00
5.087831616401672363e-01
3.650096654891967773e+00
-2.325725317001342773e+00
-4.826658725738525391e+00
-4.417431831359863281e+00
3.127699613571166992e+00
4.676042079925537109e+00
3.765290260314941406e+00
4.214407920837402344e+00
-1.908898234367370605e+00
4.838665485382080078e+00
2.685207366943359375e+00
-4.362865924835205078e+00
-2.795342206954956055e+00
-3.637457787990570068e-01
3.998275041580200195e+00
-3.131691455841064453e+00
3.636592626571655273e-01
4.893558025360107422e+00
1.276070475578308105e+00
-2.116199970245361328e+00
2.582017421722412109e+00
-4.630684852600097656e+00
