-2.612749814987182617e+00
-2.043384313583374023e+00
-2.538540124893188477e+00
-1.205151319503784180e+00
-2.400372266769409180e+00
2.462519168853759766e+00
-9.603015780448913574e-01
1.305214643478393555e+00
-2.513455867767333984e+00
1.413370221853256226e-01
-1.175250887870788574e+00
-1.780592441558837891e+00
-1.083717048168182373e-01
-2.739150762557983398e+00
-2.423241376876831055e+00
2.684252738952636719e+00
2.567979335784912109e+00
-5.255352854728698730e-01
2.604655027389526367e+00
1.447327256202697754e+00
3.419215083122253418e-01
-2.682603359222412109e+00
5.692365169525146484e-01
2.106847286224365234e+00
3.907054066658020020e-01
-1.572591066360473633e+00
2.751492977142333984e+00
-1.562129378318786621e+00
2.634962558746337891e+00
2.407759666442871094e+00
