-3.389703035354614258e+00
-4.602497577667236328e+00
3.047036886215209961e+00
-4.624655723571777344e+00
-1.415132045745849609e+00
-3.770439147949218750e+00
-4.169465541839599609e+00
-3.111305236816406250e+00
2.460842370986938477e+00
-9.045247435569763184e-01
-3.451390564441680908e-02
1.754555821418762207e+00
-1.510353446006774902e+00
-2.193746805191040039e+00
3.763145208358764648e+00
-1.060821533203125000e+00
4.528938293457031250e+00
-4.122092247009277344e+00
-1.041155695915222168e+00
4.255589485168457031e+00
-3.832219839096069336e+00
-4.507184028625488281e+00
3.891764879226684570e+00
-1.903219938278198242e+00
-4.148881912231445312e+00
4.679885387420654297e+00
-3.296478092670440674e-02
-4.535064220428466797e+00
-1.265455484390258789e-01
1.498618364334106445e+00
