9.534536600112915039e-01
1.122850179672241211e+00
-9.959132075309753418e-01
-1.189064502716064453e+00
1.092809081077575684e+00
1.296138048171997070e+00
-1.067955642938613892e-01
-6.021649837493896484e-01
1.318510293960571289e+00
-7.962878942489624023e-01
1.030185937881469727e+00
1.137659192085266113e+00
-3.121314644813537598e-01
9.508810639381408691e-01
1.212792992591857910e+00
-1.327046394348144531e+00
1.730260066688060760e-02
1.300890684127807617e+00
-5.402546003460884094e-02
1.068708896636962891e+00
-1.027073860168457031e+00
1.263174891471862793e+00
-1.316144704818725586e+00
1.584388166666030884e-01
-1.034395456314086914e+00
8.696216344833374023e-01
1.257366061210632324e+00
1.071260929107666016e+00
1.058772921562194824e+00
3.652329444885253906e-01
