-1.298237800598144531e+00
-1.781969785690307617e+00
-1.792802333831787109e+00
1.210040688514709473e+00
-9.577495604753494263e-02
1.424705028533935547e+00
-1.398912966251373291e-01
6.294429302215576172e-01
-1.600642204284667969e+00
-1.393175959587097168e+00
-1.660686492919921875e+00
-1.154728412628173828e+00
1.199821949005126953e+00
2.124526947736740112e-01
-4.562307596206665039e-01
1.508750319480895996e+00
1.698892116546630859e+00
-1.581231474876403809e+00
-1.634177565574645996e+00
4.263176023960113525e-01
-1.827964425086975098e+00
5.397025346755981445e-01
-1.800940871238708496e+00
-1.608059525489807129e+00
1.354892134666442871e+00
1.766105532646179199e+00
-1.209536433219909668e+00
1.734124541282653809e+00
-1.748185038566589355e+00
-1.510740399360656738e+00
