-1.408767700195312500e-01
-6.885713338851928711e-01
-1.320353865623474121e+00
5.312549471855163574e-01
3.994325399398803711e-01
-1.258756875991821289e+00
3.530417680740356445e-01
-1.204770803451538086e+00
-2.119623720645904541e-01
1.312673211097717285e+00
-1.104168176651000977e+00
3.218669295310974121e-01
-1.288429737091064453e+00
-4.398677349090576172e-01
1.077793955802917480e+00
-1.096415638923645020e+00
1.237033963203430176e+00
8.561905026435852051e-01
-1.223193287849426270e+00
-5.836349725723266602e-01
-1.053762555122375488e+00
1.049895524978637695e+00
2.075790762901306152e-01
1.304552197456359863e+00
4.442127048969268799e-01
3.162917196750640869e-01
-6.487811207771301270e-01
-1.164034366607666016e+00
-7.368251681327819824e-01
4.267462491989135742e-01
