-3.152425765991210938e+00
-3.748336315155029297e+00
4.624244689941406250e+00
3.765714883804321289e+00
-4.557069778442382812e+00
-1.617610216140747070e+00
1.949544668197631836e+00
4.645867347717285156e+00
3.672461748123168945e+00
-4.089565277099609375e+00
-4.637481212615966797e+00
4.310025215148925781e+00
3.619108676910400391e+00
3.230774402618408203e+00
4.706846714019775391e+00
3.581205129623413086e+00
-4.400280475616455078e+00
-1.355047583580017090e+00
-3.801362276077270508e+00
-4.708629131317138672e+00
-4.233671188354492188e+00
2.564896821975708008e+00
-3.406079053878784180e+00
4.755993843078613281e+00
2.734155893325805664e+00
-4.694175243377685547e+00
3.971949592232704163e-02
-4.450241565704345703e+00
-2.598263740539550781e+00
-2.962288856506347656e+00
