-1.477781891822814941e+00
-1.041417241096496582e+00
-2.569974422454833984e+00
2.128135919570922852e+00
-1.183149814605712891e+00
-2.485275506973266602e+00
1.694316864013671875e+00
1.466071367263793945e+00
2.275302410125732422e+00
2.474949359893798828e+00
-1.418303847312927246e+00
-2.013113021850585938e+00
-2.671421527862548828e+00
-2.393289566040039062e+00
-7.166324853897094727e-01
2.638305187225341797e+00
-2.454823404550552368e-01
1.092677235603332520e+00
1.887212693691253662e-01
1.823267638683319092e-01
2.627834081649780273e+00
1.220365285873413086e+00
1.934242844581604004e+00
-6.117897033691406250e-01
-2.006868600845336914e+00
-2.832534611225128174e-01
-5.201610922813415527e-01
1.783427357673645020e+00
-1.662635803222656250e+00
-1.168030023574829102e+00
