1.947437882423400879e+00
1.878441214561462402e+00
-1.954723477363586426e+00
-1.321686387062072754e+00
1.811398744583129883e+00
7.670757174491882324e-01
1.948881506919860840e+00
-1.799134492874145508e+00
-2.023319959640502930e+00
1.545939087867736816e+00
1.198233604431152344e+00
-6.298949122428894043e-01
1.879284024238586426e+00
-1.626509070396423340e+00
1.525509238243103027e+00
-1.183351993560791016e+00
2.040816545486450195e+00
-1.962049961090087891e+00
1.022069931030273438e+00
-1.094136118888854980e+00
-1.908029079437255859e+00
1.946979880332946777e+00
-8.783418536186218262e-01
1.539449572563171387e+00
-1.653721570968627930e+00
-1.684660911560058594e+00
-1.798437833786010742e+00
2.642236351966857910e-01
1.790833353996276855e+00
-4.940874874591827393e-01
