4.674350321292877197e-01
-9.791316986083984375e-01
7.158585786819458008e-01
2.102991938591003418e-02
9.605755805969238281e-01
6.935917139053344727e-01
9.086283445358276367e-01
-8.601556420326232910e-01
2.820204794406890869e-01
-1.026543974876403809e+00
-3.865590989589691162e-01
6.976819038391113281e-01
1.173835039138793945e+00
7.874446511268615723e-01
7.349485754966735840e-01
-1.132716894149780273e+00
-7.495837211608886719e-01
1.037903189659118652e+00
-8.692207336425781250e-01
-2.222572118043899536e-01
-7.605282068252563477e-01
-1.181398749351501465e+00
-8.860283493995666504e-01
-3.267442882061004639e-01
2.206879109144210815e-01
9.024277925491333008e-01
1.105430126190185547e+00
1.931421086192131042e-02
-8.125528097152709961e-01
-8.224427700042724609e-01
