-1.564703226089477539e+00
1.515386104583740234e+00
9.990839958190917969e-01
1.645485043525695801e+00
2.505060195922851562e+00
-2.034865379333496094e+00
2.394594669342041016e+00
5.013535618782043457e-01
-8.705968260765075684e-01
2.386484861373901367e+00
-2.479914665222167969e+00
3.971204161643981934e-01
-1.129056692123413086e+00
3.486812710762023926e-01
2.115310430526733398e+00
-3.058459758758544922e-01
-4.611038565635681152e-01
7.299181222915649414e-01
-2.194237112998962402e-01
6.719176173210144043e-01
2.259540557861328125e+00
6.737223863601684570e-01
2.200774669647216797e+00
2.086833953857421875e+00
1.288502693176269531e+00
1.893724560737609863e+00
-1.360980868339538574e+00
2.553034543991088867e+00
2.552334666252136230e-01
2.461029052734375000e+00
