2.796291589736938477e+00
-9.963167905807495117e-01
5.658410191535949707e-01
1.128635644912719727e+00
-2.256974458694458008e+00
4.706899225711822510e-01
-1.393459558486938477e+00
2.538687467575073242e+00
-1.207955837249755859e+00
-1.671866297721862793e+00
-2.593708992004394531e+00
2.831448793411254883e+00
5.855716466903686523e-01
1.416843891143798828e+00
2.376055479049682617e+00
2.503516435623168945e+00
2.035530090332031250e+00
-9.880214929580688477e-01
-2.018321752548217773e+00
2.002783298492431641e+00
8.190110921859741211e-01
2.756494998931884766e+00
-2.744909524917602539e+00
1.742285847663879395e+00
-1.299268722534179688e+00
2.634540319442749023e+00
-1.417699456214904785e+00
1.049138158559799194e-01
-1.974681258201599121e+00
1.161657214164733887e+00
