-4.286686182022094727e-01
-7.331070303916931152e-01
2.220474481582641602e+00
8.717805147171020508e-02
-1.223632693290710449e+00
2.290670871734619141e+00
1.077959895133972168e+00
-1.688271999359130859e+00
-7.982244491577148438e-01
-1.550437331199645996e+00
1.642181992530822754e+00
2.182159870862960815e-01
-2.205631971359252930e+00
1.638432860374450684e+00
1.137262940406799316e+00
-1.251735448837280273e+00
-3.432979583740234375e-01
1.846797823905944824e+00
5.260328650474548340e-01
-1.328071117401123047e+00
1.115101456642150879e+00
-2.047715187072753906e+00
-1.239708542823791504e+00
-1.641976475715637207e+00
-9.200217723846435547e-01
-2.322590112686157227e+00
2.101550817489624023e+00
-1.730472087860107422e+00
5.906772613525390625e-01
2.328635931015014648e+00
