2.486974239349365234e+00
2.124041318893432617e+00
-4.058825016021728516e+00
-1.511669635772705078e+00
2.359990835189819336e+00
3.774486303329467773e+00
-4.696064472198486328e+00
6.629534959793090820e-01
-4.236763954162597656e+00
4.612810134887695312e+00
2.079628229141235352e+00
4.714980125427246094e+00
3.726103305816650391e-01
-4.661983013153076172e+00
4.171841621398925781e+00
3.146382093429565430e+00
-4.604869842529296875e+00
-4.613421440124511719e+00
4.784088134765625000e+00
4.657343864440917969e+00
-1.423647642135620117e+00
-4.698086738586425781e+00
2.804749727249145508e+00
-2.301348209381103516e+00
4.581256866455078125e+00
4.268734931945800781e+00
4.543207645416259766e+00
1.209185600280761719e+00
-4.170925140380859375e+00
-3.000537395477294922e+00
