4.056622982025146484e-01
2.612228155136108398e+00
-8.654380440711975098e-01
2.155746936798095703e+00
3.353231191635131836e+00
5.142917484045028687e-02
4.006238937377929688e+00
2.204007148742675781e+00
-3.358093738555908203e+00
-2.125224351882934570e+00
-8.619573712348937988e-01
-3.474869966506958008e+00
-5.581185817718505859e-01
1.876730024814605713e-01
-4.051345825195312500e+00
-1.502795100212097168e+00
-2.547582864761352539e+00
-4.049802780151367188e+00
3.394299983978271484e+00
2.188143730163574219e+00
2.676025867462158203e+00
2.332405567169189453e+00
-3.821790695190429688e+00
3.876900911331176758e+00
-2.923295259475708008e+00
-1.536530554294586182e-01
3.207499265670776367e+00
-4.023083209991455078e+00
-4.645195007324218750e-01
-4.569001495838165283e-01
