8.178243637084960938e-01
9.005284905433654785e-01
-2.280863761901855469e+00
2.713387727737426758e+00
-2.546268224716186523e+00
-2.890090942382812500e+00
2.279824018478393555e+00
5.729371905326843262e-01
2.356348931789398193e-01
-2.189206361770629883e+00
2.978036105632781982e-01
-2.432824969291687012e-01
-8.547646403312683105e-01
-2.441693782806396484e+00
-1.477835178375244141e-01
-2.204849004745483398e+00
5.386897325515747070e-01
-1.842290639877319336e+00
-1.651542425155639648e+00
-2.008442163467407227e+00
2.436460494995117188e+00
-1.088854193687438965e+00
1.293388366699218750e+00
-1.677108764648437500e+00
-2.132513523101806641e+00
2.739940881729125977e+00
-3.930955231189727783e-01
6.173220872879028320e-01
1.970210075378417969e+00
1.576321840286254883e+00
