-3.485161960124969482e-01
-9.095818400382995605e-01
-1.400134444236755371e+00
3.160700798034667969e+00
-2.967457532882690430e+00
-3.223489522933959961e+00
-1.927315711975097656e+00
2.846791744232177734e+00
-2.824459075927734375e+00
-1.711747407913208008e+00
1.487209200859069824e+00
-2.941213846206665039e+00
3.268162012100219727e+00
-1.284796118736267090e+00
3.078054904937744141e+00
2.995832204818725586e+00
-1.285625219345092773e+00
2.644281148910522461e+00
-7.996745705604553223e-01
3.258010149002075195e+00
-2.052215337753295898e-01
3.205598831176757812e+00
9.166293144226074219e-01
-6.226483359932899475e-02
-3.179089784622192383e+00
3.073461771011352539e+00
3.300759553909301758e+00
2.956301927566528320e+00
1.070375323295593262e+00
-3.186267614364624023e+00
