-1.997721195220947266e-01
4.569891929626464844e+00
4.274103164672851562e+00
1.061695694923400879e+00
-4.126254081726074219e+00
-4.608409881591796875e+00
-3.918055534362792969e+00
2.111021578311920166e-01
1.442620396614074707e+00
2.483706951141357422e+00
-4.509880542755126953e+00
1.377075910568237305e-01
3.698265552520751953e+00
-1.895303845405578613e+00
-3.454409837722778320e+00
-1.327937245368957520e+00
-2.678136825561523438e-01
-2.422680139541625977e+00
1.006002426147460938e+00
-4.535493373870849609e+00
2.757359743118286133e+00
-4.869136512279510498e-01
-4.038041591644287109e+00
3.565714359283447266e+00
4.337311744689941406e+00
4.172984123229980469e+00
-5.225269496440887451e-02
1.807478189468383789e+00
-4.429161548614501953e+00
-4.388751029968261719e+00
