-2.406859397888183594e+00
-2.888732433319091797e+00
-2.929781436920166016e+00
-1.677528738975524902e+00
2.655910015106201172e+00
-9.188890457153320312e-01
-2.973250150680541992e+00
2.705125331878662109e+00
3.058344125747680664e+00
2.812518596649169922e+00
-1.666791558265686035e+00
-2.265842676162719727e+00
-1.351220130920410156e+00
-1.367608308792114258e+00
2.531253099441528320e+00
-1.413748383522033691e+00
2.491799831390380859e+00
8.296630978584289551e-01
1.491719365119934082e+00
-1.446315050125122070e+00
-2.580400407314300537e-01
-3.029807806015014648e+00
-1.898643493652343750e+00
1.928906917572021484e+00
-8.404955863952636719e-01
6.534215211868286133e-01
1.849665522575378418e+00
-1.743677854537963867e+00
2.842462062835693359e-01
-2.280652284622192383e+00
