8.492168188095092773e-01
1.418212652206420898e+00
1.339378714561462402e+00
1.473150253295898438e+00
2.210446298122406006e-01
1.493573188781738281e+00
-1.067046046257019043e+00
9.068793654441833496e-01
-1.453570961952209473e+00
1.490695238113403320e+00
-1.347409486770629883e+00
-1.383134603500366211e+00
5.358844995498657227e-01
-7.730258703231811523e-01
9.164772629737854004e-01
-7.228770107030868530e-02
-8.787519335746765137e-01
4.043696224689483643e-01
1.500562071800231934e+00
-9.991948008537292480e-01
8.573143482208251953e-01
1.140890121459960938e+00
-1.088850736618041992e+00
-1.253577470779418945e+00
-8.347474932670593262e-01
-1.369789719581604004e+00
4.063552320003509521e-01
1.072864770889282227e+00
-1.082957267761230469e+00
1.527900934219360352e+00
