1.261235237121582031e+00
2.462249755859375000e+00
3.050184965133666992e+00
2.632396221160888672e+00
-2.993087053298950195e+00
1.573665976524353027e+00
-5.777996182441711426e-01
1.107564210891723633e+00
-9.978644847869873047e-01
-2.358036756515502930e+00
2.789438962936401367e+00
-3.168828487396240234e+00
1.752504408359527588e-01
1.574560046195983887e+00
2.650806665420532227e+00
-2.598628520965576172e+00
-3.051054000854492188e+00
-1.289132475852966309e+00
-3.114871501922607422e+00
3.163231611251831055e+00
1.810247898101806641e+00
5.951552987098693848e-01
-4.742565751075744629e-01
3.081767559051513672e+00
-2.988828659057617188e+00
-1.700152993202209473e+00
1.077328085899353027e+00
1.642647385597229004e+00
-1.571299552917480469e+00
2.458046913146972656e+00
