-2.114431142807006836e+00
1.315338611602783203e+00
3.376218557357788086e+00
8.313098549842834473e-01
-6.551926136016845703e-01
1.857686281204223633e+00
-3.883966207504272461e+00
3.181190729141235352e+00
2.566803097724914551e-01
2.113928556442260742e+00
3.868227243423461914e+00
-3.848473787307739258e+00
2.493594169616699219e+00
2.971127033233642578e+00
3.673155307769775391e+00
3.853332519531250000e+00
-3.732506275177001953e+00
-3.551238059997558594e+00
2.474381446838378906e+00
2.835838079452514648e+00
-1.633999705314636230e+00
2.116880655288696289e+00
3.419878959655761719e+00
2.882316589355468750e+00
1.802147030830383301e+00
-1.599958181381225586e+00
-3.170436859130859375e+00
3.543115615844726562e+00
2.849493741989135742e+00
3.463135004043579102e+00
