-1.115654587745666504e+00
4.611142873764038086e-01
-1.143535256385803223e+00
-4.515748322010040283e-01
-4.653408527374267578e-01
-2.381812930107116699e-01
1.089854359626770020e+00
4.034996628761291504e-01
-8.910235166549682617e-01
2.903249859809875488e-01
5.311194062232971191e-01
-5.728055834770202637e-01
1.025771856307983398e+00
-7.278338074684143066e-02
-1.070925831794738770e+00
1.049172163009643555e+00
-4.960623085498809814e-01
1.041095256805419922e+00
8.292520642280578613e-01
4.163151085376739502e-01
1.186327412724494934e-01
-4.018185734748840332e-01
-9.304816722869873047e-01
-2.718886919319629669e-02
1.684539765119552612e-01
-9.728159904479980469e-01
-1.035277128219604492e+00
-6.979144215583801270e-01
1.275239698588848114e-02
1.203679084777832031e+00
