-3.539991080760955811e-01
2.211873978376388550e-01
1.659528732299804688e+00
2.285458564758300781e+00
1.650059223175048828e+00
-2.690430879592895508e+00
1.226064682006835938e+00
7.126371264457702637e-01
1.286953449249267578e+00
2.636319637298583984e+00
2.606635093688964844e+00
6.007251143455505371e-01
-2.087785005569458008e+00
5.002627968788146973e-01
-1.202602624893188477e+00
-1.336306929588317871e-01
-8.992347121238708496e-01
-7.537956833839416504e-01
-2.408773183822631836e+00
6.224402189254760742e-01
-2.041784286499023438e+00
2.669127702713012695e+00
8.417761325836181641e-01
-1.247017264366149902e+00
-1.581675767898559570e+00
-4.957368373870849609e-01
-2.505928039550781250e+00
1.188222646713256836e+00
-2.407008409500122070e-02
2.467797994613647461e+00
