3.909097909927368164e-01
-2.291208505630493164e-01
4.505285322666168213e-01
1.985915005207061768e-01
-2.113639563322067261e-01
-9.222324490547180176e-01
-7.370736598968505859e-01
4.959371089935302734e-01
4.309849739074707031e-01
-9.977077841758728027e-01
6.894637942314147949e-01
3.303832411766052246e-01
-9.299354553222656250e-01
-1.308221340179443359e+00
4.476346075534820557e-02
-9.333682656288146973e-01
1.517947018146514893e-01
-1.281643629074096680e+00
8.781823515892028809e-01
7.790725678205490112e-02
3.229883015155792236e-01
-3.807762563228607178e-01
1.199452280998229980e+00
1.228093385696411133e+00
9.655499458312988281e-01
1.429412364959716797e-01
-1.120316311717033386e-01
-7.707001268863677979e-02
1.285832166671752930e+00
-8.970285654067993164e-01
