2.551213502883911133e+00
-2.503361701965332031e+00
1.361963510513305664e+00
4.222478866577148438e+00
-1.334374308586120605e+00
-2.769230127334594727e+00
-3.780596494674682617e+00
-4.524810314178466797e+00
4.200534343719482422e+00
-4.692977905273437500e+00
9.508834481239318848e-01
-3.090261220932006836e+00
-4.662602424621582031e+00
-2.968326807022094727e+00
4.652858734130859375e+00
-1.226255297660827637e+00
3.977447748184204102e+00
4.674077987670898438e+00
-3.208386182785034180e+00
7.358259558677673340e-01
-1.503352165222167969e+00
-4.597303867340087891e+00
1.893724441528320312e+00
9.889467358589172363e-01
4.671295166015625000e+00
-4.152397155761718750e+00
-1.692779421806335449e+00
4.426174640655517578e+00
4.742469787597656250e+00
4.766679286956787109e+00
