-1.897726505994796753e-01
-8.307765126228332520e-01
1.162897825241088867e+00
6.543998718261718750e-01
-4.098255038261413574e-01
6.309233903884887695e-01
4.087916910648345947e-01
8.008292317390441895e-01
-1.177862763404846191e+00
-8.850259184837341309e-01
1.127329945564270020e+00
5.651097297668457031e-01
4.881155192852020264e-01
1.360354125499725342e-01
3.605060279369354248e-01
-9.392089843750000000e-01
-1.113025564700365067e-02
7.294226884841918945e-01
-5.366861224174499512e-01
-1.157421112060546875e+00
8.712458610534667969e-01
-1.860115975141525269e-01
1.316400915384292603e-01
-1.226966738700866699e+00
1.365721344947814941e+00
-3.682907298207283020e-02
8.766793608665466309e-01
1.189308762550354004e+00
-6.424090862274169922e-01
-1.012525260448455811e-01
