-2.814561367034912109e+00
-3.255493879318237305e+00
-7.418392300605773926e-01
-2.933880329132080078e+00
-1.843152999877929688e+00
-2.038430929183959961e+00
2.352649211883544922e+00
5.916587710380554199e-01
2.543924570083618164e+00
1.545898914337158203e+00
1.888648986816406250e+00
-2.640134572982788086e+00
2.950575590133666992e+00
2.702589511871337891e+00
-1.325725674629211426e+00
-8.149474859237670898e-01
-1.467250466346740723e+00
-3.202105283737182617e+00
-2.730460643768310547e+00
3.051304101943969727e+00
3.163418292999267578e+00
3.234730482101440430e+00
-1.089365482330322266e+00
1.293117642402648926e+00
-3.000860691070556641e+00
5.954816937446594238e-01
9.779612421989440918e-01
2.493840932846069336e+00
1.651540637016296387e+00
2.408341407775878906e+00
