-6.618265807628631592e-02
-8.844630718231201172e-01
1.316878676414489746e+00
7.159259915351867676e-01
-4.632758498191833496e-01
3.881716132164001465e-01
1.242610931396484375e+00
-8.428001403808593750e-01
-1.241856932640075684e+00
9.093933105468750000e-01
-1.087659597396850586e+00
-1.442641951143741608e-02
1.789899617433547974e-01
7.882958054542541504e-01
7.344463467597961426e-01
-9.893022179603576660e-01
-8.153357505798339844e-01
5.780387520790100098e-01
5.712161064147949219e-01
-1.790388375520706177e-01
-7.848184704780578613e-01
1.301687598228454590e+00
6.726201772689819336e-01
-8.810275793075561523e-01
-7.012889981269836426e-01
4.976223111152648926e-01
2.787370085716247559e-01
-9.464650154113769531e-01
-2.202892452478408813e-01
-5.338472127914428711e-01
