9.574696421623229980e-01
-1.049182057380676270e+00
-7.651644349098205566e-01
2.703136503696441650e-01
-7.456396222114562988e-01
1.416605561971664429e-01
9.795700311660766602e-01
1.037515521049499512e+00
8.530702590942382812e-01
-1.062333941459655762e+00
1.706370264291763306e-01
-1.018152832984924316e+00
-1.061776995658874512e+00
-1.041492819786071777e-01
-6.785972714424133301e-01
4.808718562126159668e-01
1.070998668670654297e+00
-1.036254286766052246e+00
-9.369629025459289551e-01
1.037150025367736816e+00
1.040624737739562988e+00
-1.054466247558593750e+00
-5.476690530776977539e-01
3.668158547952771187e-03
1.063673019409179688e+00
-9.317731261253356934e-01
-9.268415570259094238e-01
1.027068614959716797e+00
-1.064627528190612793e+00
8.955199122428894043e-01
