-2.024508476257324219e+00
-2.696955919265747070e+00
-4.447154521942138672e+00
-2.699923753738403320e+00
4.572636604309082031e+00
3.854346990585327148e+00
3.607485771179199219e+00
-3.345516681671142578e+00
1.915341973304748535e+00
-2.584287405014038086e+00
-3.652395009994506836e+00
-4.280487060546875000e+00
-2.563514709472656250e+00
-4.433273792266845703e+00
2.244060039520263672e+00
2.361787080764770508e+00
1.511433005332946777e+00
-3.827917575836181641e+00
-4.463100910186767578e+00
1.064876556396484375e+00
4.508785724639892578e+00
1.593765467405319214e-01
-4.325115680694580078e+00
-4.530189514160156250e+00
4.422157287597656250e+00
-3.289873123168945312e+00
1.243747845292091370e-01
4.469689369201660156e+00
-4.518542766571044922e+00
1.438577294349670410e+00
