-3.419188976287841797e+00
1.957708716392517090e+00
2.452496767044067383e+00
-1.389493465423583984e+00
-3.614225387573242188e+00
-4.018425941467285156e+00
-3.866382122039794922e+00
2.606140971183776855e-01
-4.041482925415039062e+00
-1.796911001205444336e+00
2.630665779113769531e+00
-3.536399126052856445e+00
2.754828453063964844e+00
-2.108933925628662109e-01
1.857198774814605713e-01
2.082817792892456055e+00
4.315074920654296875e+00
4.389423370361328125e+00
4.459087848663330078e+00
4.458192825317382812e+00
-1.387448906898498535e+00
-3.168953895568847656e+00
-3.947156190872192383e+00
-1.291754722595214844e+00
4.464632511138916016e+00
1.390931129455566406e+00
8.661502599716186523e-02
-1.646919369697570801e+00
-1.587341874837875366e-01
-6.021952033042907715e-01
