-9.464758634567260742e-01
3.652802228927612305e+00
3.400455713272094727e+00
9.622594714164733887e-01
-2.503491640090942383e-01
1.972608566284179688e+00
3.656589269638061523e+00
3.759227752685546875e+00
-3.777059316635131836e-01
-1.457162052392959595e-01
-3.690111637115478516e+00
-2.808218955993652344e+00
-3.764292895793914795e-01
1.809195995330810547e+00
3.453048467636108398e+00
7.834780812263488770e-01
3.557716608047485352e+00
2.960447311401367188e+00
1.820761710405349731e-02
-3.263874769210815430e+00
-4.274702072143554688e-01
-3.795915603637695312e+00
1.279098987579345703e+00
-1.383252382278442383e+00
8.197285532951354980e-01
3.276979684829711914e+00
-3.452904224395751953e+00
3.111906290054321289e+00
-1.735290527343750000e+00
-3.803135633468627930e+00
