1.852881789207458496e+00
-2.168702602386474609e+00
-2.725662231445312500e+00
-3.051200866699218750e+00
-5.351394414901733398e-02
1.258399009704589844e+00
-2.167447566986083984e+00
1.538908004760742188e+00
1.546555042266845703e+00
3.164740800857543945e-01
-1.430730938911437988e+00
-3.116929292678833008e+00
1.166380643844604492e+00
2.506829738616943359e+00
-1.305216103792190552e-01
3.104836702346801758e+00
-9.080767631530761719e-01
7.012575864791870117e-01
-2.744403839111328125e+00
-3.117248296737670898e+00
-4.136140346527099609e-01
-3.095366239547729492e+00
-1.448821544647216797e+00
2.380190417170524597e-02
2.841917276382446289e+00
-1.969252228736877441e+00
-2.408947944641113281e+00
-1.121755123138427734e+00
2.683580160140991211e+00
1.409785151481628418e+00
