3.565209627151489258e+00
3.794800043106079102e+00
-2.980344057083129883e+00
-2.732320308685302734e+00
1.527857065200805664e+00
-3.150269508361816406e+00
-3.793664216995239258e+00
-1.872880458831787109e+00
3.845235347747802734e+00
2.698925971984863281e+00
3.295090436935424805e+00
2.826013088226318359e+00
-3.660968303680419922e+00
5.190955400466918945e-01
-1.302952170372009277e+00
3.804922103881835938e+00
-7.574645280838012695e-01
-3.866255760192871094e+00
1.857924938201904297e+00
2.971698760986328125e+00
-8.264740109443664551e-01
-3.793184280395507812e+00
-1.416011214256286621e+00
3.885134458541870117e+00
-3.662117242813110352e+00
-3.897083759307861328e+00
-3.272995233535766602e+00
-9.417520165443420410e-01
3.168348073959350586e+00
2.493433713912963867e+00
