-3.039693355560302734e+00
-3.818192958831787109e+00
-6.364285945892333984e-01
2.701681375503540039e+00
-7.704702019691467285e-01
1.708194255828857422e+00
3.506856918334960938e+00
3.909505605697631836e+00
-2.878845691680908203e+00
3.509192705154418945e+00
-1.439836502075195312e+00
1.668027162551879883e+00
1.021844387054443359e+00
-2.988184690475463867e-01
-2.674410820007324219e+00
-1.937199115753173828e+00
1.014556288719177246e+00
8.422285914421081543e-01
-1.738072395324707031e+00
-3.098976135253906250e+00
-1.579889655113220215e+00
2.741289377212524414e+00
-4.046611785888671875e+00
-3.327804565429687500e+00
3.882096767425537109e+00
1.969431519508361816e+00
3.750229597091674805e+00
3.386548161506652832e-01
2.131570577621459961e+00
-1.497383952140808105e+00
