-1.762570500373840332e+00
7.794092595577239990e-02
1.495278000831604004e+00
-1.680618643760681152e+00
5.998468995094299316e-01
1.529240608215332031e+00
1.389792084693908691e+00
1.725591540336608887e+00
-8.216030597686767578e-01
-1.648379564285278320e+00
-1.555870890617370605e+00
-1.285658359527587891e+00
1.302434921264648438e+00
-1.042809844017028809e+00
1.135890960693359375e+00
3.796662017703056335e-02
1.819451928138732910e+00
-1.759114623069763184e+00
-1.433688521385192871e+00
2.597750425338745117e-01
-1.224462151527404785e+00
-1.060172796249389648e+00
-1.729559421539306641e+00
1.708935260772705078e+00
1.806057095527648926e+00
6.293187737464904785e-01
1.785862326622009277e+00
2.602796256542205811e-01
1.729373335838317871e+00
1.714468598365783691e+00
