-8.546148538589477539e-01
7.804273962974548340e-01
-2.922711670398712158e-01
-3.403876721858978271e-01
1.048216819763183594e+00
-1.027612686157226562e+00
-8.632603287696838379e-02
-8.235966563224792480e-01
-3.002801239490509033e-01
5.141499042510986328e-01
1.069868326187133789e+00
3.997731804847717285e-01
-3.651254624128341675e-02
-5.376280546188354492e-01
9.962891936302185059e-01
-9.633570909500122070e-01
5.034525990486145020e-01
-1.978142410516738892e-01
-2.499729692935943604e-01
-5.769850015640258789e-01
-1.008709907531738281e+00
2.353596268221735954e-03
-1.000409245491027832e+00
-8.452093005180358887e-01
7.797949910163879395e-01
7.637933492660522461e-01
2.397143095731735229e-01
6.494972705841064453e-01
8.965277075767517090e-01
4.779814183712005615e-01
