3.741634368896484375e+00
5.486088991165161133e-01
2.328640222549438477e+00
1.053992509841918945e+00
2.225319147109985352e+00
-1.255848884582519531e+00
-2.039211243391036987e-01
3.127203702926635742e+00
3.861577749252319336e+00
-2.665632963180541992e+00
-2.538855314254760742e+00
-4.143691062927246094e+00
-4.064301490783691406e+00
4.094706058502197266e+00
3.722733497619628906e+00
-4.198930263519287109e+00
-2.771889686584472656e+00
-4.019779205322265625e+00
-1.356820344924926758e+00
-4.080636978149414062e+00
1.183878421783447266e+00
-4.149057388305664062e+00
-1.726318597793579102e+00
-3.977937221527099609e+00
-6.472704410552978516e-01
-4.173987865447998047e+00
-3.810291528701782227e+00
-1.665261626243591309e+00
-3.253565073013305664e+00
-1.994185447692871094e+00
