6.137036681175231934e-01
-1.583402037620544434e+00
2.599645137786865234e+00
7.365678548812866211e-01
4.987628757953643799e-01
-6.521435379981994629e-01
2.197371959686279297e+00
-1.099861502647399902e+00
-1.397954106330871582e+00
2.186675742268562317e-02
1.170567944645881653e-01
-2.663955211639404297e+00
1.780401229858398438e+00
9.562126994132995605e-01
-1.189031362533569336e+00
2.659689188003540039e+00
-2.372787952423095703e+00
6.232416629791259766e-01
2.554485797882080078e+00
1.279927492141723633e+00
-1.613455653190612793e+00
-1.123638153076171875e+00
1.265637397766113281e+00
-1.403051853179931641e+00
3.908357024192810059e-01
-8.132780790328979492e-01
-2.198211908340454102e+00
-2.654225349426269531e+00
-2.722547769546508789e+00
-1.235776066780090332e+00
