1.706659555435180664e+00
2.969033002853393555e+00
-2.740409374237060547e+00
1.077271699905395508e+00
2.987285137176513672e+00
2.620153903961181641e+00
-2.076991081237792969e+00
-2.788323163986206055e+00
1.277162432670593262e-01
-2.298869848251342773e+00
-2.511296510696411133e+00
2.723721027374267578e+00
-3.390032649040222168e-01
5.665364265441894531e-01
1.717145085334777832e+00
7.845000624656677246e-01
-6.285864114761352539e-01
2.949697256088256836e+00
-1.242554664611816406e+00
2.077892303466796875e+00
2.072749376296997070e+00
9.287016987800598145e-01
-9.637455940246582031e-01
-1.813888907432556152e+00
-2.921209335327148438e+00
-2.736100435256958008e+00
5.302119255065917969e-01
2.257455587387084961e+00
-1.923093199729919434e+00
-1.656958222389221191e+00
