2.200377702713012695e+00
2.529788315296173096e-01
-1.361225843429565430e+00
1.156955838203430176e+00
2.112744331359863281e+00
8.815439939498901367e-01
-3.318749666213989258e-01
-5.512562394142150879e-01
-1.531731963157653809e+00
2.155097723007202148e+00
-1.153243780136108398e+00
-1.006159067153930664e+00
-1.962815761566162109e+00
5.167947411537170410e-01
1.365357518196105957e+00
-1.922326207160949707e+00
-7.811609506607055664e-01
-1.551182270050048828e-01
2.176232337951660156e+00
-6.850860714912414551e-01
6.193296909332275391e-01
2.137820243835449219e+00
1.183815300464630127e-01
-1.969559788703918457e+00
8.033882379531860352e-01
2.082229137420654297e+00
1.927249670028686523e+00
-6.570872664451599121e-01
-8.216012269258499146e-03
6.610037088394165039e-01
