-9.199615120887756348e-01
-4.162640497088432312e-02
-2.514917850494384766e+00
-2.090586721897125244e-02
1.932362794876098633e+00
2.872343301773071289e+00
1.616536498069763184e+00
1.388590931892395020e+00
3.055248260498046875e+00
-1.085896015167236328e+00
3.095147848129272461e+00
3.210144042968750000e-01
-5.156757235527038574e-01
1.496357917785644531e-01
2.216088533401489258e+00
-1.127171441912651062e-01
2.176525831222534180e+00
-2.149837017059326172e+00
-2.305617809295654297e+00
2.725365161895751953e+00
-3.175755977630615234e+00
-1.834579467773437500e+00
2.874523639678955078e+00
6.286868453025817871e-01
1.046440243721008301e+00
-2.942771911621093750e+00
-1.989857196807861328e+00
3.592327237129211426e-01
-3.158317327499389648e+00
-3.092832326889038086e+00
