1.596109747886657715e+00
-2.327061414718627930e+00
3.522268772125244141e+00
5.018501877784729004e-01
3.479092359542846680e+00
4.382897377014160156e+00
9.161240458488464355e-01
-4.545502662658691406e+00
2.145531892776489258e+00
3.114829063415527344e+00
-3.431382179260253906e+00
-4.586056709289550781e+00
-2.807508468627929688e+00
-2.765503883361816406e+00
-2.478240013122558594e+00
2.061476469039916992e+00
4.182803630828857422e+00
-1.377814769744873047e+00
5.473201870918273926e-01
4.211247444152832031e+00
-1.153151467442512512e-01
-2.052433490753173828e+00
3.521721601486206055e+00
1.389438867568969727e+00
3.771603703498840332e-01
-3.460974216461181641e+00
1.642823666334152222e-01
-2.950922250747680664e+00
-2.431665182113647461e+00
6.456814408302307129e-01
