1.794918775558471680e+00
9.029968380928039551e-01
2.638790369033813477e+00
1.815415620803833008e+00
2.061533927917480469e+00
-2.162082195281982422e+00
4.618477821350097656e-02
-2.092413187026977539e+00
-2.408585309982299805e+00
1.678512215614318848e+00
-7.261543273925781250e-01
-7.489982247352600098e-01
2.395380020141601562e+00
-1.744140028953552246e+00
6.641972064971923828e-01
-2.051616191864013672e+00
-2.528154134750366211e+00
-9.821155667304992676e-01
-2.263361930847167969e+00
-5.948684364557266235e-02
1.549026221036911011e-01
2.619352579116821289e+00
-1.649061560630798340e+00
-2.774104475975036621e-01
-5.242260098457336426e-01
2.671182870864868164e+00
-2.139636754989624023e+00
-1.653265595436096191e+00
9.478827118873596191e-01
4.660236239433288574e-01
