-2.619933366775512695e+00
-4.201268672943115234e+00
-3.626762866973876953e+00
3.057627677917480469e+00
-4.564378738403320312e+00
-3.490244865417480469e+00
-2.672805309295654297e+00
4.512903213500976562e+00
4.501921653747558594e+00
-4.149456501007080078e+00
4.495096683502197266e+00
4.443120956420898438e+00
4.022164344787597656e+00
-3.486386775970458984e+00
-4.321046352386474609e+00
1.795659780502319336e+00
3.236296892166137695e+00
1.262100100517272949e+00
3.223682403564453125e+00
-3.876136302947998047e+00
3.360660314559936523e+00
4.239216327667236328e+00
4.385390281677246094e+00
4.261959075927734375e+00
2.957894563674926758e+00
4.259825706481933594e+00
3.077820062637329102e+00
3.960476636886596680e+00
4.375587463378906250e+00
2.244794130325317383e+00
