-1.060681104660034180e+00
9.313016533851623535e-01
-2.116579055786132812e+00
1.307678461074829102e+00
-1.487024784088134766e+00
4.897212386131286621e-01
1.494323253631591797e+00
3.985351622104644775e-01
-1.915134191513061523e+00
-2.999675571918487549e-01
-9.081449508666992188e-01
-2.148198366165161133e+00
-2.100994825363159180e+00
-2.122693538665771484e+00
3.719556331634521484e-01
8.190263509750366211e-01
-6.650983095169067383e-01
2.680192887783050537e-01
-2.071765899658203125e+00
1.418271899223327637e+00
4.776921570301055908e-01
1.468842506408691406e+00
-1.712352275848388672e+00
-2.159111738204956055e+00
2.107576370239257812e+00
8.195330500602722168e-01
1.429705619812011719e+00
5.170180797576904297e-01
1.596414566040039062e+00
-1.510219573974609375e+00
