1.554900527000427246e+00
3.570332229137420654e-01
-1.659009695053100586e+00
3.378009200096130371e-01
1.107041835784912109e+00
-1.687199354171752930e+00
1.276176929473876953e+00
-4.416393637657165527e-01
1.697674870491027832e+00
7.479311227798461914e-01
1.184144139289855957e+00
-1.403901815414428711e+00
-1.654912471771240234e+00
1.098458766937255859e+00
-7.028636336326599121e-01
2.929730415344238281e-01
-1.308071911334991455e-01
1.608882844448089600e-01
1.665328860282897949e+00
-9.746775031089782715e-01
-1.640383839607238770e+00
-1.615784883499145508e+00
-4.037618637084960938e-01
1.536052107810974121e+00
-1.667449116706848145e+00
-4.914423823356628418e-01
1.553391098976135254e+00
5.958638787269592285e-01
-3.243867456912994385e-01
-1.103353500366210938e+00
