-1.241367936134338379e+00
6.649860143661499023e-01
-1.367421030998229980e+00
2.438974142074584961e+00
-1.873748064041137695e+00
1.931873679161071777e+00
2.616787910461425781e+00
2.118554353713989258e+00
-1.773936271667480469e+00
-1.435131579637527466e-01
1.621542692184448242e+00
-2.578206777572631836e+00
-2.396662712097167969e+00
-5.846218466758728027e-01
-1.418005466461181641e+00
1.468570947647094727e+00
1.734711885452270508e+00
4.987387657165527344e-01
-1.811351299285888672e+00
-6.539489626884460449e-01
2.345479965209960938e+00
-2.604870557785034180e+00
2.531734943389892578e+00
2.879825532436370850e-01
-1.888307332992553711e+00
-2.558784961700439453e+00
-2.233972072601318359e+00
2.026646137237548828e+00
-1.072450995445251465e+00
8.167518973350524902e-01
