2.014037370681762695e+00
-3.249018192291259766e-01
2.565325796604156494e-01
1.945854783058166504e+00
2.044914484024047852e+00
-1.556781888008117676e+00
8.708389401435852051e-01
1.548335075378417969e+00
1.277904033660888672e+00
-5.201971530914306641e-01
1.627265930175781250e+00
-3.146887421607971191e-01
-1.324348807334899902e+00
1.301095008850097656e+00
-1.651391983032226562e+00
-2.223902702331542969e+00
1.334927797317504883e+00
2.203890800476074219e+00
4.567048847675323486e-01
1.844919085502624512e+00
2.238382101058959961e+00
9.343895912170410156e-01
4.932409524917602539e-01
-5.684897899627685547e-01
1.876035571098327637e+00
-6.169947385787963867e-01
-1.738723993301391602e+00
1.720008373260498047e+00
1.934615373611450195e+00
-1.644800186157226562e+00
