3.706955194473266602e+00
-3.517841577529907227e+00
3.602750062942504883e+00
-2.766902685165405273e+00
-1.657087326049804688e+00
-4.424450099468231201e-01
3.419112443923950195e+00
2.125027894973754883e+00
-1.793430209159851074e+00
-4.068094253540039062e+00
-4.222195625305175781e+00
4.181424140930175781e+00
-2.835615634918212891e+00
3.855083703994750977e+00
2.073865413665771484e+00
-4.063858509063720703e+00
2.279917001724243164e+00
-5.525776743888854980e-01
1.334892868995666504e+00
1.121253728866577148e+00
4.255079746246337891e+00
7.906673550605773926e-01
3.382186412811279297e+00
-5.613098144531250000e-01
-8.856630325317382812e-01
2.734112739562988281e+00
-8.717381954193115234e-01
1.268205404281616211e+00
4.478735923767089844e-01
-3.013072252273559570e+00
