4.476354122161865234e+00
2.907426357269287109e+00
4.683566093444824219e+00
4.153421401977539062e+00
2.432095050811767578e+00
-4.231610298156738281e+00
-2.814567327499389648e+00
4.730601787567138672e+00
4.425470829010009766e+00
1.206657171249389648e+00
-3.551222324371337891e+00
4.714701175689697266e-01
-4.746548175811767578e+00
-1.747851371765136719e+00
-3.685108184814453125e+00
3.725754499435424805e+00
2.147585868835449219e+00
3.639980256557464600e-01
9.970061779022216797e-01
7.010947465896606445e-01
-2.224688529968261719e+00
4.744958877563476562e+00
-1.807872176170349121e+00
2.528634548187255859e+00
4.277463436126708984e+00
-4.325019836425781250e+00
-4.353557109832763672e+00
-4.688122272491455078e+00
-2.645711004734039307e-01
-4.728786945343017578e+00
