-3.812630653381347656e+00
-4.688414931297302246e-01
3.971916675567626953e+00
-1.351310968399047852e+00
-2.669765710830688477e+00
-2.547464847564697266e+00
-3.966291904449462891e+00
3.403817415237426758e+00
3.350224256515502930e+00
1.955069899559020996e+00
2.960395336151123047e+00
3.833997249603271484e+00
-3.994344472885131836e+00
1.179891452193260193e-01
-1.796977162361145020e+00
1.175532817840576172e+00
3.140446901321411133e+00
-3.870528936386108398e+00
2.259195089340209961e+00
-2.029072523117065430e+00
3.923534631729125977e+00
3.146613836288452148e+00
-2.684436798095703125e+00
-3.150485038757324219e+00
-3.939432144165039062e+00
3.357471704483032227e+00
3.647288560867309570e+00
-3.037170410156250000e+00
2.005385637283325195e+00
3.179582595825195312e+00
