-1.609850168228149414e+00
-7.716724872589111328e-01
2.286496877670288086e+00
9.110561609268188477e-01
-1.744890809059143066e+00
-1.069795727729797363e+00
-1.815526604652404785e+00
2.485169649124145508e+00
2.232259035110473633e+00
-1.137999296188354492e+00
-1.420676946640014648e+00
2.309798240661621094e+00
-2.385346174240112305e+00
-1.357465028762817383e+00
-2.016780853271484375e+00
2.411775112152099609e+00
-2.345628261566162109e+00
-2.326389551162719727e+00
9.847648739814758301e-01
1.891225934028625488e+00
7.700228691101074219e-01
1.680838167667388916e-01
-1.704823732376098633e+00
8.235021829605102539e-01
-2.136178016662597656e+00
-2.172598838806152344e+00
-9.798675775527954102e-01
8.445716500282287598e-01
-4.606297612190246582e-01
1.295746326446533203e+00
