-4.994931519031524658e-01
-2.331667661666870117e+00
2.270781517028808594e+00
3.881899416446685791e-01
-1.260215759277343750e+00
-1.533271551132202148e+00
-3.762429356575012207e-01
2.369768172502517700e-01
2.253251314163208008e+00
-9.801205396652221680e-01
1.977599740028381348e+00
2.364969730377197266e+00
1.756170153617858887e+00
-1.735895514488220215e+00
1.662379503250122070e+00
2.019164323806762695e+00
-7.312265038490295410e-01
-2.319041728973388672e+00
3.039542138576507568e-01
-8.120679855346679688e-01
1.277568340301513672e+00
-5.043944716453552246e-01
-3.855671286582946777e-01
8.824630975723266602e-01
1.515961408615112305e+00
-1.674762964248657227e+00
1.822872757911682129e-01
8.955206871032714844e-01
-2.257765293121337891e+00
-1.976385116577148438e+00
