1.395391345024108887e+00
-4.426011741161346436e-01
1.034021258354187012e+00
-1.225971102714538574e+00
-5.209063291549682617e-01
-1.348666787147521973e+00
1.127248167991638184e+00
-3.969687223434448242e-02
9.660732150077819824e-01
-1.275360345840454102e+00
9.887573719024658203e-01
1.443405270576477051e+00
-6.177011728286743164e-01
1.407325625419616699e+00
5.335968732833862305e-01
-8.790681958198547363e-01
6.260964274406433105e-01
-1.411166906356811523e+00
-9.043279290199279785e-01
-1.284944772720336914e+00
-1.337586998939514160e+00
3.056032955646514893e-01
-1.284379720687866211e+00
-6.648267507553100586e-01
1.284289121627807617e+00
2.822403609752655029e-01
2.050481736660003662e-01
-6.272844672203063965e-01
-1.412332653999328613e+00
-1.035205602645874023e+00
