-1.961087584495544434e-01
4.010603904724121094e+00
3.852440834045410156e+00
-3.682893991470336914e+00
-3.789672851562500000e+00
-2.361167430877685547e+00
-1.063095927238464355e+00
-1.256159901618957520e+00
-2.076081514358520508e+00
-3.877595186233520508e+00
-8.873488903045654297e-01
2.646855831146240234e+00
-1.228083252906799316e+00
1.696399331092834473e+00
7.783849239349365234e-01
-2.955911397933959961e+00
3.846092700958251953e+00
3.530547380447387695e+00
-3.827660799026489258e+00
-7.492401599884033203e-01
3.963553428649902344e+00
3.967602968215942383e+00
3.392963171005249023e+00
3.906469106674194336e+00
-5.299406647682189941e-01
-3.979670047760009766e+00
2.505668878555297852e+00
-8.657002449035644531e-01
3.554877758026123047e+00
3.976093530654907227e+00
