-9.581588506698608398e-01
2.027182817459106445e+00
-1.897693276405334473e+00
2.340809851884841919e-01
-1.231997251510620117e+00
-1.662664055824279785e+00
2.409873008728027344e+00
2.288814306259155273e+00
-2.911882877349853516e+00
1.922805428504943848e+00
-2.425642251968383789e+00
-2.666806459426879883e+00
2.395060062408447266e+00
2.094496965408325195e+00
-1.389750719070434570e+00
-2.904865264892578125e+00
-2.774697065353393555e+00
-2.831561803817749023e+00
2.180889368057250977e+00
2.514051198959350586e-01
-2.324816703796386719e+00
2.195453643798828125e+00
-1.519991606473922729e-01
2.600236415863037109e+00
-2.294573545455932617e+00
1.994247138500213623e-01
-2.291945219039916992e+00
2.659836530685424805e+00
-2.486080408096313477e+00
1.247446298599243164e+00
