-4.544121265411376953e+00
-1.837934106588363647e-01
2.020914793014526367e+00
-1.811950802803039551e+00
4.533640861511230469e+00
3.465631008148193359e+00
-3.667999267578125000e+00
-3.233196735382080078e-01
-4.451948165893554688e+00
-3.133694648742675781e+00
-2.286027908325195312e+00
-4.660539150238037109e+00
4.525000095367431641e+00
-1.996972799301147461e+00
-4.650738716125488281e+00
-4.030672550201416016e+00
-4.275354385375976562e+00
-4.405731678009033203e+00
2.580850124359130859e-01
5.043690204620361328e-01
4.757576942443847656e+00
-3.565353155136108398e+00
4.797950267791748047e+00
-2.140782594680786133e+00
2.910760641098022461e+00
4.883703708648681641e+00
2.292334079742431641e+00
-4.253317832946777344e+00
3.278786659240722656e+00
-4.747119903564453125e+00
