4.315696716308593750e+00
1.436025500297546387e+00
2.716577053070068359e+00
1.824829339981079102e+00
-6.663988232612609863e-01
3.549515008926391602e+00
1.874946475028991699e+00
-3.817672491073608398e+00
3.971771001815795898e+00
-1.499044060707092285e+00
-4.390282154083251953e+00
4.113427996635437012e-01
-4.234750747680664062e+00
3.829122304916381836e+00
-3.522230386734008789e+00
4.010214328765869141e+00
3.067450284957885742e+00
4.115657329559326172e+00
-2.368892908096313477e+00
4.379591941833496094e+00
6.089789867401123047e-01
-4.276797294616699219e+00
1.222672104835510254e+00
4.322016239166259766e+00
-3.668311357498168945e+00
-4.033777713775634766e+00
-2.760027170181274414e+00
1.774258494377136230e+00
2.556377649307250977e+00
2.991873502731323242e+00
