1.655791401863098145e+00
-1.258080482482910156e+00
-1.690085530281066895e+00
-1.534683823585510254e+00
-1.241991877555847168e+00
-1.146212816238403320e+00
-1.590532302856445312e+00
1.522948384284973145e+00
1.673409581184387207e+00
6.255137324333190918e-01
1.074076056480407715e+00
1.221008673310279846e-01
7.562984824180603027e-01
1.933371834456920624e-02
-1.496910929679870605e+00
6.174358725547790527e-01
-1.043449878692626953e+00
-6.969553828239440918e-01
-1.464422583580017090e+00
-4.301003217697143555e-01
1.463303565979003906e+00
4.587299823760986328e-01
-7.525761127471923828e-01
2.548254728317260742e-01
-1.246795535087585449e+00
-7.507433295249938965e-01
-1.393946647644042969e+00
-1.395709156990051270e+00
-5.984371900558471680e-01
1.666600584983825684e+00
