1.719338774681091309e+00
-1.992133855819702148e+00
9.126216173171997070e-01
-9.876846671104431152e-01
2.165641307830810547e+00
-5.480908751487731934e-01
2.266183376312255859e+00
-1.227942824363708496e+00
2.266316890716552734e+00
2.174611568450927734e+00
4.471035003662109375e-01
-1.269482970237731934e+00
-1.056267380714416504e+00
4.894673526287078857e-01
2.292685985565185547e+00
-2.082688093185424805e+00
3.817786574363708496e-01
2.112035274505615234e+00
1.521653890609741211e+00
2.178720712661743164e+00
1.975980639457702637e+00
-1.602068066596984863e+00
1.513784289360046387e+00
2.260035514831542969e+00
-9.327652454376220703e-01
1.264211535453796387e+00
1.198017120361328125e+00
2.240898370742797852e+00
-1.621181368827819824e+00
6.264813542366027832e-01
