8.877204060554504395e-01
2.063437700271606445e+00
-2.637411594390869141e+00
2.791341543197631836e+00
-7.174001336097717285e-01
8.749038577079772949e-01
-1.891307473182678223e+00
8.266191482543945312e-01
-1.520395755767822266e+00
-9.791131019592285156e-01
2.716850280761718750e+00
-3.058956146240234375e+00
1.761351108551025391e+00
-2.857705354690551758e+00
1.464801311492919922e+00
-1.227805376052856445e+00
-1.719910621643066406e+00
-1.072195649147033691e+00
-4.535018801689147949e-01
-7.207248210906982422e-01
3.045488595962524414e+00
8.252784609794616699e-01
6.111874580383300781e-01
-3.054780483245849609e+00
-1.246005535125732422e+00
3.048390150070190430e+00
-1.919615626335144043e+00
-2.506951332092285156e+00
2.080539315938949585e-01
-2.612241744995117188e+00
