-1.774471998214721680e+00
-1.252211071550846100e-02
-1.248589992523193359e+00
1.661925673484802246e+00
-8.323740363121032715e-01
1.757978200912475586e+00
1.700545310974121094e+00
1.518336653709411621e+00
-1.716275334358215332e+00
1.742130398750305176e+00
1.156313180923461914e+00
1.770612120628356934e+00
-9.682186245918273926e-01
4.285694956779479980e-01
-1.480899930000305176e+00
1.569997668266296387e+00
1.393505096435546875e+00
1.451022982597351074e+00
1.590356945991516113e+00
1.700020551681518555e+00
-1.333760380744934082e+00
-7.167702317237854004e-01
8.480238318443298340e-01
-9.871249198913574219e-01
-2.596372365951538086e-01
1.535308003425598145e+00
1.517839789390563965e+00
1.119625449180603027e+00
1.457603335380554199e+00
1.781332135200500488e+00
