1.018941283226013184e+00
1.819647669792175293e+00
-1.762162208557128906e+00
9.275891780853271484e-01
-6.392112970352172852e-01
-1.346487551927566528e-01
-1.799641609191894531e+00
-4.174771606922149658e-01
-6.546825766563415527e-01
-8.706693649291992188e-01
7.162432670593261719e-01
6.971479654312133789e-01
-8.373571038246154785e-01
1.968492418527603149e-01
1.147901296615600586e+00
-1.286725163459777832e+00
1.682897925376892090e+00
-1.812852263450622559e+00
-1.209967136383056641e+00
-7.245276570320129395e-01
1.519817829132080078e+00
5.932175088673830032e-03
-9.741437435150146484e-02
-1.691841840744018555e+00
-9.278295040130615234e-01
-9.295899271965026855e-01
-1.603321433067321777e+00
1.431154012680053711e+00
1.919668197631835938e+00
1.595393657684326172e+00
