-4.356194972991943359e+00
4.449771046638488770e-01
-3.330454826354980469e+00
3.048461675643920898e+00
-4.126060962677001953e+00
-3.777023077011108398e+00
-2.647552013397216797e+00
-4.159446239471435547e+00
2.790158510208129883e+00
-8.476092219352722168e-01
1.508224606513977051e+00
-3.262717008590698242e+00
-2.552508831024169922e+00
-3.263951063156127930e+00
2.855720758438110352e+00
1.968740701675415039e+00
-1.274530172348022461e+00
3.890556097030639648e+00
-4.184091091156005859e+00
1.780867457389831543e+00
3.831719160079956055e+00
-1.476791620254516602e+00
1.892071366310119629e+00
1.617772340774536133e+00
-4.095998764038085938e+00
-3.852597236633300781e+00
2.591129541397094727e+00
-3.430462360382080078e+00
1.568800926208496094e+00
2.553440809249877930e+00
