-4.315176963806152344e+00
4.401789188385009766e+00
4.387556076049804688e+00
3.537683486938476562e+00
-3.010682344436645508e+00
-3.221603155136108398e+00
1.857758045196533203e+00
2.317686080932617188e+00
3.124903917312622070e+00
-4.360587120056152344e+00
3.957548618316650391e+00
-1.816031455993652344e+00
-4.372283458709716797e+00
1.221007466316223145e+00
-4.410869598388671875e+00
-3.012984275817871094e+00
-3.035495996475219727e+00
-1.818279176950454712e-01
4.257888793945312500e+00
3.932003498077392578e+00
2.012339115142822266e+00
-4.370481014251708984e+00
2.348720312118530273e+00
-2.785741090774536133e+00
5.293519496917724609e-01
3.151437759399414062e+00
1.684869885444641113e+00
3.757991552352905273e+00
-1.267614364624023438e+00
4.404081344604492188e+00
