-1.977634310722351074e+00
-1.520088791847229004e+00
6.759990751743316650e-02
-8.200478553771972656e-02
1.607126593589782715e+00
-1.879796504974365234e+00
-4.495028555393218994e-01
1.910982012748718262e+00
-1.849880218505859375e+00
3.466753363609313965e-01
-1.624103307723999023e+00
2.064654350280761719e+00
6.463520973920822144e-02
2.035392045974731445e+00
-1.416737556457519531e+00
-1.933832287788391113e+00
-6.923904418945312500e-01
7.496575117111206055e-01
-2.045393466949462891e+00
-5.809102654457092285e-01
8.725983500480651855e-01
1.399349927902221680e+00
-1.993626713752746582e+00
1.929553985595703125e+00
2.092261075973510742e+00
-1.923418045043945312e+00
4.422256052494049072e-01
-1.971535682678222656e+00
-1.337631940841674805e+00
1.491578102111816406e+00
