2.763301134109497070e+00
-2.711430549621582031e+00
-2.346045732498168945e+00
-5.783490538597106934e-01
1.679894924163818359e+00
9.726996719837188721e-02
1.950075387954711914e+00
-1.409800767898559570e+00
1.091535925865173340e+00
2.820917844772338867e+00
2.272279977798461914e+00
-2.587229967117309570e+00
2.201738834381103516e+00
2.445768117904663086e+00
2.010952234268188477e+00
-2.681726694107055664e+00
2.685946702957153320e+00
6.834074854850769043e-01
1.475831419229507446e-01
1.557260632514953613e+00
1.099096536636352539e+00
-1.097189664840698242e+00
-2.567687749862670898e+00
-2.054092168807983398e+00
2.559673070907592773e+00
-1.321758627891540527e+00
9.546896815299987793e-01
-1.305494427680969238e+00
2.428716182708740234e+00
1.538452029228210449e+00
