-2.397489786148071289e+00
-2.868197202682495117e+00
-1.696953773498535156e+00
-6.324074417352676392e-02
-2.936523914337158203e+00
-1.860622763633728027e-01
-1.592897534370422363e+00
8.499841690063476562e-01
-2.328101158142089844e+00
-6.570166349411010742e-02
1.852754473686218262e+00
-2.932016372680664062e+00
2.333699226379394531e+00
5.847085714340209961e-01
2.625557184219360352e+00
-2.694182157516479492e+00
-3.163367271423339844e+00
3.030153036117553711e+00
-1.680432438850402832e+00
-3.147558927536010742e+00
-2.859174728393554688e+00
-1.772214770317077637e+00
1.666623950004577637e+00
-1.286460757255554199e-01
2.406891345977783203e+00
-3.157040596008300781e+00
1.044524312019348145e+00
-8.105904459953308105e-01
-2.979559183120727539e+00
2.560705423355102539e+00
