2.434680700302124023e+00
-7.556798309087753296e-02
-2.584479808807373047e+00
-2.428671360015869141e+00
-1.185052633285522461e+00
-2.078393936157226562e+00
-1.866989135742187500e+00
-1.585580706596374512e+00
-2.541525602340698242e+00
2.201565980911254883e+00
-2.623113632202148438e+00
1.177402496337890625e+00
-2.342060804367065430e+00
1.778958082199096680e+00
5.697834119200706482e-02
2.500475168228149414e+00
-9.984990358352661133e-01
2.634058713912963867e+00
-2.593768119812011719e+00
1.524232029914855957e+00
-1.171052932739257812e+00
2.514525890350341797e+00
-2.584640264511108398e+00
2.038487434387207031e+00
2.429651021957397461e+00
-8.080935478210449219e-01
-1.763620853424072266e+00
-1.930403947830200195e+00
-1.883953809738159180e+00
2.600998401641845703e+00
