1.003984093666076660e+00
-1.289788126945495605e+00
5.173506140708923340e-01
-1.299925327301025391e+00
1.669417142868041992e+00
-1.049174547195434570e+00
1.683161497116088867e+00
1.043108344078063965e+00
1.369996905326843262e+00
-9.885192513465881348e-01
3.300363421440124512e-01
-6.310899853706359863e-01
1.330563187599182129e+00
1.336028814315795898e+00
1.645267009735107422e+00
5.517610907554626465e-01
1.199596405029296875e+00
-1.663503289222717285e+00
4.021716117858886719e-01
1.502803802490234375e+00
1.422131061553955078e+00
8.814112544059753418e-01
-1.284618020057678223e+00
-1.614192366600036621e+00
1.229535937309265137e+00
4.008107781410217285e-01
6.949209570884704590e-01
9.082537144422531128e-02
-6.400645375251770020e-01
-7.923428416252136230e-01
