1.579662203788757324e+00
-2.728564500808715820e+00
-2.155428409576416016e+00
-5.293577313423156738e-01
-2.799693107604980469e+00
2.719785451889038086e+00
-1.831680238246917725e-01
1.238592386245727539e+00
-2.585613727569580078e+00
-1.986635327339172363e+00
2.710752248764038086e+00
1.626924514770507812e+00
1.658397674560546875e+00
1.794942140579223633e+00
-1.927970349788665771e-01
-2.294712305068969727e+00
5.046877264976501465e-01
9.015906453132629395e-01
-2.615275859832763672e+00
2.333906888961791992e+00
-1.066970586776733398e+00
-2.337669849395751953e+00
2.737776041030883789e+00
1.232388734817504883e+00
1.432477116584777832e+00
1.180372014641761780e-01
2.822743728756904602e-02
-9.902679920196533203e-01
-2.572545051574707031e+00
-2.714695930480957031e+00
