-3.575496912002563477e+00
-1.801565647125244141e+00
-3.402478218078613281e+00
2.346643686294555664e+00
3.497123241424560547e+00
-1.932295441627502441e+00
3.144076108932495117e+00
-2.684450626373291016e+00
-1.672396421432495117e+00
-3.302797317504882812e+00
3.524093627929687500e+00
1.394218444824218750e+00
-3.093035697937011719e+00
-1.130195021629333496e+00
-1.968424797058105469e+00
2.852388858795166016e+00
-2.365128278732299805e+00
1.480693578720092773e+00
-3.020781517028808594e+00
-8.875508904457092285e-01
-3.534149169921875000e+00
3.412688255310058594e+00
1.788520097732543945e+00
1.728520244359970093e-01
-2.815422296524047852e+00
-2.421945810317993164e+00
-1.565942764282226562e-01
1.321427226066589355e+00
2.618537664413452148e+00
2.714336156845092773e+00
