-2.091829061508178711e+00
-1.928358554840087891e+00
7.725989222526550293e-01
-5.685741305351257324e-01
2.013443946838378906e+00
-2.255162954330444336e+00
1.395301342010498047e+00
-1.987358212471008301e+00
-2.256504535675048828e+00
1.393933296203613281e+00
7.304359674453735352e-01
-6.560564041137695312e-01
-9.320312738418579102e-01
-1.168896909803152084e-02
1.947361946105957031e+00
1.078091621398925781e+00
-1.985474526882171631e-01
1.739838868379592896e-01
1.673043727874755859e+00
-2.235708236694335938e+00
-2.266558647155761719e+00
-2.218870878219604492e+00
-1.941385269165039062e+00
-2.140886306762695312e+00
-1.752497315406799316e+00
1.557927727699279785e+00
-2.167077302932739258e+00
-2.255215883255004883e+00
-2.986133396625518799e-01
-1.334006637334823608e-01
