-4.308296442031860352e-01
1.717642784118652344e+00
1.324686288833618164e+00
1.173354506492614746e+00
-1.798774749040603638e-01
1.818470597267150879e+00
2.347581624984741211e+00
-9.727849960327148438e-01
9.818227291107177734e-01
-5.460326671600341797e-01
-1.621270418167114258e+00
2.365270137786865234e+00
-2.082412719726562500e+00
4.159350693225860596e-01
-1.235423684120178223e+00
-1.762954950332641602e+00
-7.472651004791259766e-01
9.660032987594604492e-01
-2.275191307067871094e+00
-2.333424091339111328e+00
1.045993924140930176e+00
-2.354438543319702148e+00
-1.637709140777587891e+00
-1.247133612632751465e+00
-1.355197906494140625e+00
1.019363045692443848e+00
-1.094801545143127441e+00
-1.175125241279602051e+00
-1.642398834228515625e+00
-1.785237789154052734e+00
