3.662168979644775391e-01
4.069166183471679688e+00
-2.165262460708618164e+00
3.993307352066040039e+00
6.036440134048461914e-01
3.648250401020050049e-01
-4.010380268096923828e+00
1.978688716888427734e+00
1.882219433784484863e+00
4.302849769592285156e+00
8.682821393013000488e-01
-2.183326721191406250e+00
-3.072208404541015625e+00
-8.772938251495361328e-01
-8.337506055831909180e-01
-1.206502199172973633e+00
-2.666043758392333984e+00
5.700840950012207031e-01
4.503015041351318359e+00
-3.048846483230590820e+00
1.566451311111450195e+00
-3.882402181625366211e+00
-3.005802631378173828e+00
2.763279438018798828e+00
-4.170435428619384766e+00
3.655345916748046875e+00
4.186511993408203125e+00
-2.649908304214477539e+00
-4.526578426361083984e+00
-4.200374126434326172e+00
