2.026896178722381592e-01
-7.418503761291503906e-01
-1.411447167396545410e+00
-1.161460876464843750e-01
-1.937351346015930176e+00
-3.027897596359252930e+00
-6.077449321746826172e-01
1.735433340072631836e+00
2.493497848510742188e+00
-4.095669388771057129e-01
-1.849183797836303711e+00
-5.526468753814697266e-01
2.387305945158004761e-01
-1.107254624366760254e+00
-2.411433696746826172e+00
-3.010334014892578125e+00
2.753444910049438477e-01
2.583019971847534180e+00
-3.021490335464477539e+00
1.093631684780120850e-01
-2.487453937530517578e+00
3.250717639923095703e+00
-3.901958465576171875e-01
-2.773875951766967773e+00
-3.219840049743652344e+00
-3.500321209430694580e-01
-3.120989799499511719e+00
-2.105947971343994141e+00
5.487618446350097656e-01
-2.262298345565795898e+00
