-1.637369871139526367e+00
1.088053226470947266e+00
-1.192634820938110352e+00
-1.304313778877258301e+00
-1.419379949569702148e+00
8.570656180381774902e-01
-1.212995409965515137e+00
-3.410212993621826172e-01
-1.526215314865112305e+00
7.845873832702636719e-01
-1.634999036788940430e+00
-1.645544290542602539e+00
-1.767589449882507324e+00
-1.788134098052978516e+00
1.485108375549316406e+00
-1.365756869316101074e+00
6.167798638343811035e-01
-1.747585654258728027e+00
7.088810205459594727e-01
5.029387474060058594e-01
6.526258587837219238e-02
1.569206357002258301e+00
8.799499273300170898e-01
2.264467179775238037e-01
8.965313434600830078e-01
-1.297061800956726074e+00
-1.240640521049499512e+00
1.434878230094909668e+00
-1.776658177375793457e+00
-1.155765414237976074e+00
