3.864395856857299805e+00
2.539205789566040039e+00
-3.848320484161376953e+00
3.686483621597290039e+00
3.258983135223388672e+00
-3.836934804916381836e+00
-3.538044691085815430e+00
-2.548171758651733398e+00
-2.172466516494750977e+00
-3.605094432830810547e+00
5.558432340621948242e-01
-5.945286750793457031e-01
1.844809353351593018e-01
-1.772433042526245117e+00
2.472772121429443359e+00
2.860883712768554688e+00
-1.628462433815002441e+00
5.704967975616455078e-01
1.409506890922784805e-02
2.508477210998535156e+00
3.668790757656097412e-01
-3.698229789733886719e+00
-5.375895500183105469e-01
-2.580667257308959961e+00
3.838907003402709961e+00
3.292093038558959961e+00
-2.921520233154296875e+00
-3.756340265274047852e+00
3.546325683593750000e+00
-1.472592353820800781e-01
