-2.883962154388427734e+00
-1.813237786293029785e+00
-1.938843607902526855e+00
3.356914520263671875e+00
4.037447452545166016e+00
4.111993312835693359e+00
-9.507253170013427734e-01
-4.923937320709228516e-01
-1.933444738388061523e+00
1.131134331226348877e-01
4.228074550628662109e+00
2.625427484512329102e+00
2.200885057449340820e+00
-3.520732223987579346e-01
3.987322568893432617e+00
3.714563846588134766e-01
-4.253819465637207031e+00
1.142863988876342773e+00
-1.567945718765258789e+00
4.053977489471435547e+00
-3.710713624954223633e+00
6.144624352455139160e-01
-6.908731460571289062e-01
1.213418960571289062e+00
-3.065496206283569336e+00
-3.209367752075195312e+00
2.533193826675415039e+00
1.099851250648498535e+00
-2.564920186996459961e+00
4.252717971801757812e+00
