3.090675771236419678e-01
1.247434020042419434e+00
1.520371556282043457e+00
1.579171299934387207e+00
3.794018030166625977e-01
-1.217573165893554688e+00
1.407499551773071289e+00
-1.061280131340026855e+00
-1.279894590377807617e+00
1.484807968139648438e+00
1.533794045448303223e+00
-2.278525233268737793e-01
-1.705067038536071777e+00
-1.738858819007873535e+00
1.345445632934570312e+00
1.645405769348144531e+00
-1.738997936248779297e+00
1.680472254753112793e+00
-7.224507331848144531e-01
-2.443894296884536743e-01
-1.297284841537475586e+00
8.066826313734054565e-02
1.181142330169677734e+00
-1.461507081985473633e+00
-6.469099521636962891e-01
1.595241904258728027e+00
-1.643546104431152344e+00
-1.685317397117614746e+00
1.086076140403747559e+00
1.016431301832199097e-01
