4.216932296752929688e+00
-4.299824714660644531e+00
3.343369245529174805e+00
4.276029109954833984e+00
-4.434247970581054688e+00
4.049362659454345703e+00
-2.772872447967529297e+00
-3.480085372924804688e+00
3.067899703979492188e+00
-3.276180028915405273e+00
-4.471451759338378906e+00
-1.454601168632507324e+00
2.779052972793579102e+00
4.489109039306640625e+00
3.749481439590454102e+00
4.415017604827880859e+00
5.309259891510009766e-01
4.545097351074218750e+00
3.762419939041137695e+00
1.168884485960006714e-01
-4.234558582305908203e+00
1.291230320930480957e-01
7.226747274398803711e-01
3.819743692874908447e-01
4.480747580528259277e-01
-3.149285078048706055e+00
-4.589303016662597656e+00
-4.545703887939453125e+00
-4.384959697723388672e+00
4.576925277709960938e+00
