-2.335251331329345703e+00
-2.209239006042480469e+00
2.280464172363281250e+00
1.954518914222717285e+00
2.276818275451660156e+00
1.551035642623901367e+00
-1.164744853973388672e+00
1.787476420402526855e+00
-7.708607316017150879e-01
-2.344737529754638672e+00
-2.305091142654418945e+00
6.248242259025573730e-01
1.355743527412414551e+00
9.826584458351135254e-01
1.019487977027893066e+00
1.303946733474731445e+00
-4.406323730945587158e-01
-1.010460972785949707e+00
-9.885740876197814941e-01
2.346447467803955078e+00
8.750128746032714844e-01
-1.964890241622924805e+00
2.301222562789916992e+00
-1.247850418090820312e+00
2.268459320068359375e+00
-1.135118007659912109e+00
2.285633563995361328e+00
-4.665554314851760864e-02
-2.158461093902587891e+00
1.930187344551086426e+00
