-3.982131481170654297e-01
-1.379051327705383301e+00
-1.059111237525939941e+00
-1.129290223121643066e+00
-5.394753217697143555e-01
1.265136003494262695e+00
8.070552945137023926e-01
-7.973302602767944336e-01
-5.622208118438720703e-01
7.049952149391174316e-01
1.428883671760559082e+00
1.324879527091979980e+00
7.699628472328186035e-01
9.758037924766540527e-01
1.430697798728942871e+00
9.832251667976379395e-01
1.381567358970642090e+00
5.629284977912902832e-01
-1.388514757156372070e+00
1.416576623916625977e+00
3.363774716854095459e-01
-8.027895689010620117e-01
3.558805882930755615e-01
8.813316822052001953e-01
-1.229756116867065430e+00
-1.407514691352844238e+00
-1.058832526206970215e+00
8.619315028190612793e-01
-4.261896610260009766e-01
-8.261743783950805664e-01
