-6.748129129409790039e-01
-1.124039173126220703e+00
-1.145550370216369629e+00
8.250023722648620605e-01
-8.565178513526916504e-01
-6.470435261726379395e-01
-9.465395212173461914e-01
4.270293414592742920e-01
9.712757468223571777e-01
1.049116969108581543e+00
1.182892560958862305e+00
-9.751694798469543457e-01
6.101684570312500000e-01
4.583090543746948242e-01
4.392272531986236572e-01
-3.193296790122985840e-01
-7.953646183013916016e-01
9.360179305076599121e-01
-1.137841224670410156e+00
1.161175131797790527e+00
-3.537742197513580322e-01
-1.173712253570556641e+00
-1.188754796981811523e+00
-9.840462207794189453e-01
-5.094444155693054199e-01
-8.939415812492370605e-01
-2.946032881736755371e-01
1.042685985565185547e+00
-6.127639412879943848e-01
4.795609116554260254e-01
