2.330551624298095703e+00
1.447600722312927246e+00
2.345210552215576172e+00
2.288425922393798828e+00
1.076627135276794434e+00
1.205618739128112793e+00
-1.668655037879943848e+00
-2.258984804153442383e+00
-7.959695905447006226e-02
6.606237292289733887e-01
3.101884722709655762e-01
-2.266273498535156250e+00
-2.176897048950195312e+00
2.310651779174804688e+00
2.236209630966186523e+00
1.920691490173339844e+00
7.969565987586975098e-01
-1.753086566925048828e+00
-4.879518747329711914e-01
-1.947457432746887207e+00
2.007147312164306641e+00
1.616566658020019531e+00
-1.994631171226501465e+00
-6.000055670738220215e-01
-1.125870704650878906e+00
-8.328481912612915039e-01
-1.968116044998168945e+00
-2.322798252105712891e+00
-1.330500006675720215e+00
-2.317098617553710938e+00
