-2.334936112165451050e-01
6.646494269371032715e-01
-8.646638989448547363e-01
-7.842426300048828125e-01
1.048173546791076660e+00
2.353683114051818848e-01
1.123029589653015137e+00
1.164124011993408203e+00
-1.162765860557556152e+00
1.006810545921325684e+00
9.553476572036743164e-01
-9.878652691841125488e-01
-2.913160622119903564e-01
-1.118153572082519531e+00
1.017907142639160156e+00
6.330021619796752930e-01
-8.024523854255676270e-01
-3.717103898525238037e-01
1.912443190813064575e-01
-1.144692778587341309e+00
1.061231970787048340e+00
-1.022315248847007751e-01
1.115532755851745605e+00
7.572202086448669434e-01
-1.160431861877441406e+00
-9.684350490570068359e-01
1.138401865959167480e+00
3.419753536581993103e-02
-9.940069317817687988e-01
-9.929050803184509277e-01
