4.511204063892364502e-01
-2.510471343994140625e+00
-9.740737080574035645e-02
-1.903772950172424316e+00
-7.467621564865112305e-01
-2.579186916351318359e+00
-2.438481569290161133e+00
-9.899965524673461914e-01
2.629685163497924805e+00
-1.751483321189880371e+00
2.193665981292724609e+00
-1.786841750144958496e+00
9.554253220558166504e-01
2.601402044296264648e+00
-2.395532846450805664e+00
1.678010702133178711e+00
-2.829774916172027588e-01
2.468242883682250977e+00
2.235381841659545898e+00
3.160629570484161377e-01
-2.357378005981445312e+00
1.616094827651977539e+00
2.504509925842285156e+00
-5.702273249626159668e-01
-8.296191692352294922e-01
1.374569773674011230e+00
2.086585044860839844e+00
-2.197032690048217773e+00
2.202124357223510742e+00
-2.582592248916625977e+00
