4.006303310394287109e+00
-3.775617599487304688e+00
-1.590093374252319336e+00
-3.432806968688964844e+00
-2.645465135574340820e+00
1.035522937774658203e+00
3.829156875610351562e+00
3.626413106918334961e+00
-2.570070624351501465e-01
1.325563430786132812e+00
-3.045191526412963867e+00
-3.781753540039062500e+00
1.100506186485290527e+00
1.546551465988159180e+00
1.122697710990905762e+00
3.937438964843750000e+00
7.639087438583374023e-01
9.316239953041076660e-01
-3.931071996688842773e+00
-2.497377872467041016e+00
-3.698739528656005859e+00
-6.957793235778808594e-01
-2.205969333648681641e+00
3.968711853027343750e+00
-3.814840555191040039e+00
1.257206797599792480e+00
3.123546123504638672e+00
-3.797573089599609375e+00
3.161055564880371094e+00
3.708655118942260742e+00
