2.293149083852767944e-01
3.658884763717651367e-01
-2.991559505462646484e+00
-3.182277679443359375e+00
-3.098427772521972656e+00
2.339533805847167969e+00
1.726234316825866699e+00
-1.081018090248107910e+00
1.847375035285949707e-01
-4.046343863010406494e-01
1.295488595962524414e+00
-2.910928964614868164e+00
1.340496778488159180e+00
-3.148123741149902344e+00
2.304527282714843750e+00
3.005894422531127930e+00
-2.347978591918945312e+00
-4.101225137710571289e-01
-3.225317001342773438e+00
-3.319422006607055664e+00
-2.246091604232788086e+00
2.465518191456794739e-03
9.480031728744506836e-01
3.219405651092529297e+00
-5.182034969329833984e-01
2.431835651397705078e+00
-3.222896814346313477e+00
2.509987354278564453e-01
-3.108154058456420898e+00
-1.496757984161376953e+00
