-3.970087766647338867e+00
-4.507930755615234375e+00
-4.778753757476806641e+00
-4.717696189880371094e+00
2.601962685585021973e-01
1.512212902307510376e-01
1.313484787940979004e+00
3.179333448410034180e+00
-4.527593135833740234e+00
-4.820274829864501953e+00
-1.969472050666809082e+00
4.478304862976074219e+00
-9.764161109924316406e-01
-2.766768693923950195e+00
-1.330819576978683472e-01
2.451398611068725586e+00
3.789518833160400391e+00
-3.502271175384521484e+00
4.622611522674560547e+00
1.717626214027404785e+00
-4.571796894073486328e+00
3.604058742523193359e+00
-3.763716459274291992e+00
4.797757625579833984e+00
4.145067214965820312e+00
4.831637859344482422e+00
3.782297849655151367e+00
-4.817978143692016602e-01
-3.441817045211791992e+00
-1.456149220466613770e+00
