-1.196488499641418457e+00
8.265615701675415039e-01
-1.885996162891387939e-01
-7.065390944480895996e-01
6.519616246223449707e-01
6.922612190246582031e-01
-1.343179941177368164e+00
-1.536620855331420898e+00
1.510329961776733398e+00
1.454188466072082520e+00
-1.188335567712783813e-01
4.823856353759765625e-01
1.095729112625122070e+00
-1.080981254577636719e+00
4.597686827182769775e-01
3.453704118728637695e-01
1.299982666969299316e+00
-1.098280191421508789e+00
4.584949910640716553e-01
-1.264558076858520508e+00
-1.431148290634155273e+00
6.838327050209045410e-01
4.031199216842651367e-01
1.449369668960571289e+00
-1.346309423446655273e+00
-8.225755095481872559e-01
-9.450258612632751465e-01
-6.733535528182983398e-01
1.071782827377319336e+00
1.272146821022033691e+00
