-2.714695930480957031e+00
2.580880403518676758e+00
-1.789079427719116211e+00
1.207587122917175293e+00
-1.557878851890563965e+00
-3.383216857910156250e-01
2.597788095474243164e+00
1.036133050918579102e+00
-7.024699449539184570e-02
2.580947637557983398e+00
-2.406641244888305664e+00
7.376936674118041992e-01
2.355462789535522461e+00
-2.289683818817138672e+00
1.522258400917053223e+00
2.105125665664672852e+00
-2.476272583007812500e+00
2.688519716262817383e+00
1.173901677131652832e+00
2.501349925994873047e+00
-3.392867445945739746e-01
-2.663387775421142578e+00
-2.522551774978637695e+00
2.573422431945800781e+00
2.654637098312377930e+00
9.565815329551696777e-01
6.626719236373901367e-01
2.411273479461669922e+00
-2.493314027786254883e+00
-2.434963464736938477e+00
