-2.218322753906250000e+00
3.518438339233398438e+00
-3.268534421920776367e+00
-2.871760129928588867e+00
-3.513196229934692383e+00
-1.207971930503845215e+00
-1.407363295555114746e+00
-3.360204458236694336e+00
9.369278550148010254e-01
3.515866041183471680e+00
-3.545853614807128906e+00
-3.276595115661621094e+00
9.825585782527923584e-02
2.369294643402099609e+00
2.867293119430541992e+00
-3.349277019500732422e+00
2.539889335632324219e+00
3.466757059097290039e+00
2.110660314559936523e+00
3.215365171432495117e+00
-3.072481632232666016e+00
-3.551100015640258789e+00
-3.393235445022583008e+00
-3.330979108810424805e+00
1.612627148628234863e+00
-2.506848335266113281e+00
-3.432866334915161133e+00
-3.004525423049926758e+00
2.752263784408569336e+00
-1.067753672599792480e+00
