2.611634731292724609e+00
4.572375211864709854e-03
-1.204640269279479980e-01
-2.664045810699462891e+00
-2.685789346694946289e+00
1.346192359924316406e-01
9.421538710594177246e-01
1.953619867563247681e-01
-3.126680254936218262e-01
-2.284870386123657227e+00
4.414340555667877197e-01
2.563124656677246094e+00
2.188001632690429688e+00
-1.680199742317199707e+00
-2.735713958740234375e+00
1.841921567916870117e+00
2.662253141403198242e+00
1.671175122261047363e+00
-2.665657758712768555e+00
-2.103838443756103516e+00
-1.237803101539611816e+00
-2.591701030731201172e+00
5.472809672355651855e-01
2.541286230087280273e+00
-2.215237617492675781e-01
1.160682678222656250e+00
-2.247847080230712891e+00
-1.400373458862304688e+00
2.500740528106689453e+00
3.803472965955734253e-02
