-2.858402431011199951e-01
-1.677059054374694824e+00
-1.667436122894287109e+00
3.434284687042236328e+00
-2.569004535675048828e+00
3.388366460800170898e+00
2.907679557800292969e+00
-3.160622119903564453e+00
-3.360387563705444336e+00
2.792112350463867188e+00
-2.063947916030883789e+00
3.538761615753173828e+00
4.533136785030364990e-01
-3.076216697692871094e+00
2.375663280487060547e+00
2.558248043060302734e+00
-2.247600555419921875e+00
-9.594379663467407227e-01
1.057458996772766113e+00
2.945705890655517578e+00
-3.527311563491821289e+00
-2.498922348022460938e+00
-3.397152900695800781e+00
1.328473925590515137e+00
3.243979930877685547e+00
3.266551733016967773e+00
-4.868227243423461914e-01
2.950401782989501953e+00
1.498399972915649414e+00
-2.804388761520385742e+00
