2.824178218841552734e+00
-3.167231559753417969e+00
3.444336652755737305e+00
4.597172737121582031e+00
-4.059835433959960938e+00
-4.126307487487792969e+00
4.658684253692626953e+00
1.329613924026489258e+00
-3.404015779495239258e+00
-2.215675354003906250e+00
2.310900211334228516e+00
-3.576283216476440430e+00
-3.915994882583618164e+00
3.024777412414550781e+00
-3.889992237091064453e+00
3.277439832687377930e+00
8.245167732238769531e-01
-4.573241233825683594e+00
-3.991423368453979492e+00
-3.859440803527832031e+00
-4.001066684722900391e+00
-4.301646232604980469e+00
4.507900238037109375e+00
2.471491336822509766e+00
-4.119004726409912109e+00
-1.928032398223876953e+00
2.643015980720520020e-01
3.489890098571777344e+00
8.301730751991271973e-01
-4.596821308135986328e+00
