2.947903633117675781e+00
3.068383693695068359e+00
1.471236109733581543e+00
-3.087624073028564453e+00
3.079913854598999023e+00
2.771007537841796875e+00
1.886395812034606934e+00
3.076764106750488281e+00
-9.514261484146118164e-01
3.133427143096923828e+00
-3.075498104095458984e+00
-5.821677446365356445e-01
-2.574926853179931641e+00
2.827495336532592773e+00
-4.734093844890594482e-01
-4.613825082778930664e-01
-1.600470304489135742e+00
2.156920433044433594e+00
2.950016498565673828e+00
-1.239583849906921387e+00
-2.428408384323120117e+00
1.999863386154174805e+00
3.039779663085937500e+00
1.567981243133544922e+00
2.549981832504272461e+00
-1.565835118293762207e+00
-3.063844442367553711e+00
-2.033078432083129883e+00
1.978051424026489258e+00
1.455785036087036133e+00
