4.646371841430664062e+00
1.223852992057800293e+00
4.720614433288574219e+00
1.515156030654907227e-01
-4.880989074707031250e+00
3.515631556510925293e-01
-2.354292869567871094e+00
4.894129276275634766e+00
1.150169730186462402e+00
-2.678261518478393555e+00
2.627712249755859375e+00
-4.533622264862060547e+00
3.535341501235961914e+00
-1.139019727706909180e-01
2.778348684310913086e+00
1.886229157447814941e+00
-4.603726863861083984e+00
1.135075807571411133e+00
-1.878562331199645996e+00
4.694406509399414062e+00
4.874497890472412109e+00
1.173865199089050293e+00
4.818970203399658203e+00
-3.222664833068847656e+00
3.080517530441284180e+00
-3.677155733108520508e+00
-4.831808090209960938e+00
-4.172809123992919922e+00
-4.874968528747558594e+00
3.119931936264038086e+00
