-1.445492863655090332e+00
1.470059990882873535e+00
-3.018949031829833984e+00
-1.713226437568664551e+00
3.107550859451293945e+00
1.503169536590576172e+00
8.903361558914184570e-01
-7.550153732299804688e-01
-1.624903321266174316e+00
2.807298898696899414e+00
-2.694159030914306641e+00
2.585250854492187500e+00
3.004480123519897461e+00
-1.996469974517822266e+00
2.066082239151000977e+00
-3.025320529937744141e+00
-1.530101418495178223e+00
8.039335608482360840e-01
-2.642698526382446289e+00
-2.669417142868041992e+00
2.295459985733032227e+00
-2.470479249954223633e+00
2.926608562469482422e+00
-5.024348571896553040e-02
1.063606023788452148e+00
2.370833396911621094e+00
-2.472213983535766602e+00
-2.065136432647705078e+00
2.865457296371459961e+00
-2.002373218536376953e+00
