2.756785869598388672e+00
3.281998932361602783e-01
1.961611151695251465e+00
1.504093885421752930e+00
-1.934465289115905762e+00
-8.401311039924621582e-01
9.778894186019897461e-01
1.503625512123107910e-01
-1.917083144187927246e+00
1.802328109741210938e+00
-8.391080498695373535e-01
1.904654979705810547e+00
-9.907172322273254395e-01
4.045225679874420166e-03
3.073624372482299805e+00
2.015342473983764648e+00
2.195724964141845703e+00
3.023006916046142578e+00
-1.904889583587646484e+00
-2.407967090606689453e+00
-2.620526313781738281e+00
1.107526302337646484e+00
1.096114873886108398e+00
-8.850450515747070312e-01
-4.721983969211578369e-01
1.242116332054138184e+00
1.573999375104904175e-01
-2.166414976119995117e+00
-7.774972319602966309e-01
2.453401327133178711e+00
