-2.481466531753540039e+00
1.609869718551635742e+00
2.219807386398315430e+00
-1.353073716163635254e+00
-2.011712551116943359e+00
-2.217536687850952148e+00
2.329246282577514648e+00
-2.648895740509033203e+00
-2.591999292373657227e+00
-1.649389505386352539e+00
2.518174886703491211e+00
-2.582949399948120117e+00
-2.558491945266723633e+00
-2.059418678283691406e+00
-1.734638214111328125e+00
-2.484025239944458008e+00
2.558514118194580078e+00
2.620679140090942383e+00
-2.454080581665039062e+00
-1.149798512458801270e+00
2.618138313293457031e+00
8.618780374526977539e-01
-2.489893436431884766e+00
2.649542093276977539e+00
1.593440413475036621e+00
-2.104136705398559570e+00
-2.563034296035766602e+00
2.625808715820312500e+00
-2.623224258422851562e+00
-2.451911926269531250e+00
