2.046278238296508789e+00
3.170498609542846680e-01
4.499675750732421875e+00
-2.147357910871505737e-01
-3.779285669326782227e+00
6.081617474555969238e-01
-3.723527908325195312e+00
4.607652664184570312e+00
3.115070343017578125e+00
4.142146587371826172e+00
-3.115170001983642578e+00
1.329820752143859863e-01
-4.522245407104492188e+00
-1.451452732086181641e+00
4.381869792938232422e+00
3.228774070739746094e+00
-9.919302463531494141e-01
-4.607760906219482422e+00
-3.218631744384765625e+00
-6.708911061286926270e-01
3.414295673370361328e+00
-3.886137723922729492e+00
-1.654484629631042480e+00
1.529743909835815430e+00
-4.132610321044921875e+00
-8.327962160110473633e-01
-6.613793373107910156e-01
1.236588001251220703e+00
-4.676365852355957031e+00
8.012168407440185547e-01
