8.397136330604553223e-01
-1.283237099647521973e+00
-1.115397214889526367e+00
-1.271290302276611328e+00
1.027031183242797852e+00
5.229744911193847656e-01
1.202425241470336914e+00
1.019372105598449707e+00
1.126117706298828125e+00
9.593827724456787109e-01
4.431779980659484863e-01
-1.465016305446624756e-01
-2.766158282756805420e-01
-1.213911622762680054e-01
1.057690501213073730e+00
1.051128983497619629e+00
2.727083563804626465e-01
8.062944412231445312e-01
-2.263918984681367874e-03
7.788814306259155273e-01
7.030400633811950684e-01
9.267456531524658203e-01
9.618034362792968750e-01
1.304278731346130371e+00
5.955929756164550781e-01
-1.008354499936103821e-01
1.143550753593444824e+00
2.833116650581359863e-01
4.035906791687011719e-01
1.152631878852844238e+00
