1.359735243022441864e-02
-1.779130458831787109e+00
-1.746481060981750488e+00
-5.180418491363525391e-01
-1.069224596023559570e+00
-1.810307979583740234e+00
-1.201818227767944336e+00
1.681246638298034668e+00
1.201037526130676270e+00
-7.074837088584899902e-01
6.717693060636520386e-02
-6.857688426971435547e-01
1.764635324478149414e+00
1.405449271202087402e+00
-1.225855946540832520e+00
-6.677142381668090820e-01
1.628026962280273438e+00
-4.269908070564270020e-01
-1.477246522903442383e+00
-1.686917901039123535e+00
5.729819536209106445e-01
-2.137663215398788452e-01
-5.353677272796630859e-01
-9.691724777221679688e-01
9.257364273071289062e-01
2.773372530937194824e-01
-1.842448264360427856e-01
8.869943022727966309e-01
1.627873778343200684e-01
-7.316547632217407227e-01
