-2.502798080444335938e+00
3.128807306289672852e+00
-3.410091876983642578e+00
7.581785917282104492e-01
-7.608344554901123047e-01
-3.144652128219604492e+00
-3.805454730987548828e+00
-1.730093598365783691e+00
1.611350655555725098e+00
3.598026037216186523e+00
-2.640707969665527344e+00
9.624454379081726074e-01
-1.744642734527587891e+00
-2.757013320922851562e+00
3.857285499572753906e+00
-2.699916601181030273e+00
-1.572384357452392578e+00
-5.203204751014709473e-01
1.607928872108459473e+00
-1.266307473182678223e+00
-2.145269155502319336e+00
-2.326120376586914062e+00
-3.718254089355468750e+00
3.751749753952026367e+00
-2.700583696365356445e+00
-3.744405269622802734e+00
9.224250912666320801e-01
-3.767965555191040039e+00
1.207644641399383545e-01
-3.650053977966308594e+00
