2.825546026229858398e+00
-2.356787204742431641e+00
2.106186866760253906e+00
1.732819795608520508e+00
3.048281192779541016e+00
2.655507802963256836e+00
-2.777391195297241211e+00
2.389888525009155273e+00
1.944235920906066895e+00
-3.009039640426635742e+00
-2.000138759613037109e+00
-1.359474658966064453e+00
-2.307538270950317383e+00
2.943306684494018555e+00
-2.545683860778808594e+00
-2.946178913116455078e+00
-4.216648340225219727e-01
3.387509584426879883e-01
2.093730211257934570e+00
3.030174493789672852e+00
-3.106321573257446289e+00
-1.352191209793090820e+00
3.086208105087280273e+00
-3.120552062988281250e+00
3.098520994186401367e+00
-2.470769405364990234e+00
-3.037124156951904297e+00
-3.026467084884643555e+00
-2.175406694412231445e+00
3.076618432998657227e+00
