1.932715922594070435e-01
-8.609452843666076660e-02
3.598036468029022217e-01
8.886143565177917480e-03
-2.187024116516113281e+00
-2.319099187850952148e+00
2.131757974624633789e+00
-1.577913999557495117e+00
1.920981645584106445e+00
2.434492826461791992e+00
2.195624351501464844e+00
9.936478137969970703e-01
2.427409172058105469e+00
-1.577462911605834961e+00
-2.173399209976196289e+00
-2.467505693435668945e+00
2.675370872020721436e-01
2.437979698181152344e+00
2.024715423583984375e+00
-1.462692975997924805e+00
3.900882005691528320e-01
-8.809733390808105469e-02
-1.473635315895080566e+00
2.420587092638015747e-02
2.066222667694091797e+00
1.035920977592468262e+00
-2.532838582992553711e-01
-9.252475500106811523e-01
2.425509214401245117e+00
2.432475566864013672e+00
