2.450625658035278320e+00
-3.940810561180114746e-01
4.129679203033447266e+00
3.997791528701782227e+00
-2.665781021118164062e+00
-4.408857524394989014e-01
4.781449794769287109e+00
-1.405047059059143066e+00
-8.623120784759521484e-01
4.312807559967041016e+00
-2.632317543029785156e+00
4.501988887786865234e+00
4.789553165435791016e+00
4.910644054412841797e+00
3.676229715347290039e+00
-3.729777574539184570e+00
-4.932497024536132812e+00
-3.562664270401000977e+00
4.071602821350097656e+00
-3.293483853340148926e-01
4.948906421661376953e+00
-4.774602413177490234e+00
2.424694299697875977e+00
-1.961193323135375977e+00
-4.439450740814208984e+00
-1.241082191467285156e+00
3.899445056915283203e+00
3.481456995010375977e+00
7.308508157730102539e-01
4.563222885131835938e+00
