-3.827027976512908936e-01
-1.793394207954406738e+00
-4.798180758953094482e-01
-1.649380207061767578e+00
-2.083524465560913086e+00
1.828031778335571289e+00
-1.734951257705688477e+00
-3.050717711448669434e-01
3.621724247932434082e-01
2.167466402053833008e+00
-2.349560022354125977e+00
2.137560606002807617e+00
2.323819398880004883e+00
-2.150383234024047852e+00
1.538729429244995117e+00
-1.368430405855178833e-01
-2.388916254043579102e+00
1.260170698165893555e+00
-1.434578776359558105e+00
-2.409863710403442383e+00
1.940255880355834961e+00
-1.473799943923950195e+00
8.973280191421508789e-01
2.133207798004150391e+00
2.178644180297851562e+00
-7.595870643854141235e-02
1.895116567611694336e+00
-6.978230476379394531e-01
3.847631439566612244e-02
-1.309714794158935547e+00
