-6.397049427032470703e-01
-4.121157526969909668e-01
-2.254540771245956421e-01
-1.770604968070983887e+00
-1.388289332389831543e+00
9.735241532325744629e-01
1.327612757682800293e+00
1.744358986616134644e-01
-1.864688634872436523e+00
-1.723804354667663574e+00
-2.171183526515960693e-01
1.261595606803894043e+00
4.642488062381744385e-01
1.493396520614624023e+00
1.885037302970886230e+00
1.729750275611877441e+00
6.986627578735351562e-01
8.223618865013122559e-01
-3.066678941249847412e-01
-1.118730828166007996e-01
-1.174405932426452637e+00
1.890460371971130371e+00
-9.293772578239440918e-01
-1.998815417289733887e+00
1.458073139190673828e+00
-5.953283980488777161e-02
-6.136150360107421875e-01
-1.415966629981994629e+00
-1.890188694000244141e+00
1.840983867645263672e+00
