2.893765211105346680e+00
-2.577110052108764648e+00
3.196952819824218750e+00
1.854626655578613281e+00
-1.076320171356201172e+00
2.901963710784912109e+00
-2.246701717376708984e+00
6.133394837379455566e-01
2.217116594314575195e+00
3.228914022445678711e+00
3.221653938293457031e+00
-2.473896265029907227e+00
1.676109313964843750e+00
2.810646295547485352e+00
1.318330526351928711e+00
3.125602722167968750e+00
1.357302546501159668e+00
7.041543722152709961e-01
3.161853551864624023e+00
-1.812877416610717773e+00
-2.949634075164794922e+00
1.281412005424499512e+00
-2.678970336914062500e+00
-8.555367588996887207e-01
2.903162717819213867e+00
-2.733927965164184570e+00
1.566779911518096924e-01
2.249447107315063477e+00
2.742098093032836914e+00
-2.155193805694580078e+00
