5.649944022297859192e-02
-1.629957854747772217e-01
9.874976277351379395e-01
3.155809164047241211e+00
2.935564279556274414e+00
3.835694193840026855e-01
-1.629751443862915039e+00
8.578037619590759277e-01
-3.066007137298583984e+00
2.649011462926864624e-02
-3.138701200485229492e+00
-2.293692827224731445e+00
-4.725722372531890869e-01
4.025076031684875488e-01
2.939091444015502930e+00
-3.075086116790771484e+00
2.867537021636962891e+00
4.806894361972808838e-01
-3.478829264640808105e-01
2.566527843475341797e+00
6.140224933624267578e-01
-3.140152931213378906e+00
2.941382646560668945e+00
-1.262027621269226074e+00
-2.192415714263916016e+00
-1.108808070421218872e-01
3.601222336292266846e-01
-3.099110841751098633e+00
5.164131522178649902e-01
-1.933122277259826660e+00
