8.824224025011062622e-02
-3.539946079254150391e+00
-1.191830992698669434e+00
4.254060268402099609e+00
-1.667536973953247070e+00
4.316133499145507812e+00
8.970268815755844116e-02
3.221993923187255859e+00
3.770747661590576172e+00
-4.231761932373046875e+00
-2.791615962982177734e+00
6.223391294479370117e-01
3.620153188705444336e+00
-4.039727687835693359e+00
2.742936134338378906e+00
-3.605472087860107422e+00
2.444053888320922852e+00
-4.228574752807617188e+00
1.936264276504516602e+00
-1.484322667121887207e+00
1.128135561943054199e+00
-2.517060995101928711e+00
4.286615848541259766e+00
-1.011242642998695374e-01
-4.530407488346099854e-01
2.221583366394042969e+00
-3.766356229782104492e+00
-4.268964290618896484e+00
5.404950380325317383e-01
1.062451601028442383e+00
