4.508558511734008789e-01
1.468383431434631348e+00
-3.090780496597290039e+00
1.270351886749267578e+00
3.204945087432861328e+00
1.127445578575134277e+00
2.618614912033081055e+00
-3.607382774353027344e+00
-3.190039873123168945e+00
2.955760717391967773e+00
-3.288782596588134766e+00
-1.911705136299133301e+00
1.314195156097412109e+00
1.116221904754638672e+00
-1.128333881497383118e-01
-8.885791897773742676e-01
-1.704120188951492310e-01
3.374630928039550781e+00
3.506763696670532227e+00
2.885243177413940430e+00
3.069189071655273438e+00
-3.102845191955566406e+00
6.721124053001403809e-01
2.128391265869140625e+00
-1.545193552970886230e+00
-4.450001716613769531e-01
-3.464405775070190430e+00
-3.538001775741577148e+00
1.283968567848205566e+00
3.457873821258544922e+00
