2.175367593765258789e+00
1.501460909843444824e+00
-8.463577628135681152e-01
-1.427909970283508301e+00
1.645722985267639160e-02
9.784239530563354492e-01
2.155745983123779297e+00
2.034797906875610352e+00
-1.917272448539733887e+00
-5.660572648048400879e-01
-6.792594194412231445e-01
2.145380258560180664e+00
-1.056131958961486816e+00
-1.810576319694519043e+00
1.285294413566589355e+00
9.852958917617797852e-01
-1.604043990373611450e-01
2.050576925277709961e+00
1.061110019683837891e+00
2.058389425277709961e+00
1.670062184333801270e+00
-1.171848297119140625e+00
-2.144370555877685547e+00
2.075131416320800781e+00
-1.923549175262451172e-01
-1.131096005439758301e+00
-1.101321458816528320e+00
1.680483937263488770e+00
1.880723476409912109e+00
-1.921847462654113770e+00
