-2.991225481033325195e+00
1.931883573532104492e+00
-4.186285972595214844e+00
-2.977556705474853516e+00
3.923402547836303711e+00
-2.934252977371215820e+00
2.296177148818969727e+00
-5.674791932106018066e-01
4.343677043914794922e+00
2.180956363677978516e+00
-3.945306301116943359e+00
-4.319355487823486328e+00
4.618185043334960938e+00
3.281450510025024414e+00
-4.370303630828857422e+00
2.280334234237670898e+00
-4.390570163726806641e+00
2.557057142257690430e+00
-1.300425052642822266e+00
-3.921889305114746094e+00
1.165034055709838867e+00
-4.443833827972412109e+00
-4.532152652740478516e+00
1.005737185478210449e+00
1.570006012916564941e+00
4.068809032440185547e+00
4.105952739715576172e+00
3.589936256408691406e+00
4.511645317077636719e+00
-2.244841098785400391e+00
