3.026724815368652344e+00
-1.447162151336669922e+00
4.546895027160644531e+00
1.237798333168029785e+00
4.504596233367919922e+00
-3.579235076904296875e+00
2.179557323455810547e+00
4.260125637054443359e+00
4.263793528079986572e-01
3.093335390090942383e+00
4.573806762695312500e+00
3.826913833618164062e+00
3.872826576232910156e+00
-4.189744472503662109e+00
-4.682164192199707031e+00
-8.509615659713745117e-01
2.672671318054199219e+00
4.384097099304199219e+00
-3.918052434921264648e+00
-4.019997596740722656e+00
-4.594639778137207031e+00
4.061532020568847656e+00
3.295123279094696045e-01
-4.344576835632324219e+00
-4.737750530242919922e+00
-1.993201255798339844e+00
3.587699651718139648e+00
-4.551014423370361328e+00
-4.537386417388916016e+00
-2.727555930614471436e-01
