5.281230807304382324e-01
2.207099497318267822e-01
2.281526088714599609e+00
2.505065441131591797e+00
2.364808559417724609e+00
-1.853114962577819824e+00
-1.678480267524719238e+00
-5.771360397338867188e-01
-2.342656850814819336e+00
-3.654828071594238281e-01
-1.980984449386596680e+00
-1.425585031509399414e+00
2.189570426940917969e+00
-2.052470445632934570e+00
-1.399871826171875000e+00
-2.480493783950805664e+00
1.264641046524047852e+00
-2.080874204635620117e+00
2.390170335769653320e+00
2.492866992950439453e+00
-1.880192279815673828e+00
-4.758075252175331116e-02
-2.463105678558349609e+00
-1.662497878074645996e+00
2.410320758819580078e+00
-1.871859788894653320e+00
-2.034546434879302979e-01
-1.911876559257507324e+00
-2.072786331176757812e+00
2.271544218063354492e+00
