-1.100727558135986328e+00
6.205695867538452148e-01
-2.353804707527160645e-01
6.570319533348083496e-01
8.546295166015625000e-01
-1.068764448165893555e+00
1.082658290863037109e+00
-1.177716970443725586e+00
-1.105728387832641602e+00
-1.198384985327720642e-01
9.946933388710021973e-01
-8.724538087844848633e-01
-2.370080165565013885e-02
9.238325953483581543e-01
-1.090633869171142578e+00
-1.030444979667663574e+00
-1.149724245071411133e+00
-2.654907293617725372e-02
1.082732081413269043e+00
-1.244718670845031738e+00
8.984954357147216797e-01
4.340881705284118652e-01
7.574267387390136719e-01
-8.568920493125915527e-01
-1.146566152572631836e+00
9.736172556877136230e-01
6.284811496734619141e-01
1.242730617523193359e+00
9.289065003395080566e-01
-7.039552927017211914e-01
