2.364915370941162109e+00
2.369194746017456055e+00
-1.686396241188049316e+00
-1.614420562982559204e-01
-2.045404195785522461e+00
2.370254278182983398e+00
1.826872706413269043e+00
-2.456558227539062500e+00
-1.388498693704605103e-01
-1.660842180252075195e+00
1.182202249765396118e-02
-8.348464965820312500e-02
8.057085275650024414e-01
-1.558803200721740723e+00
1.612907528877258301e+00
-1.201507329940795898e+00
2.022253036499023438e+00
2.210253000259399414e+00
2.413700819015502930e+00
6.349462866783142090e-01
1.472223043441772461e+00
-2.439253091812133789e+00
3.683522045612335205e-01
-1.910950899124145508e+00
2.433251619338989258e+00
2.177912473678588867e+00
1.051688432693481445e+00
-2.385949611663818359e+00
3.870726227760314941e-01
2.339685440063476562e+00
