-2.651431262493133545e-01
9.883252382278442383e-01
7.970342636108398438e-01
4.515276551246643066e-01
1.035025596618652344e+00
-1.044304013252258301e+00
1.001009717583656311e-01
8.353416323661804199e-01
6.361504793167114258e-01
9.186007380485534668e-01
-1.011281609535217285e+00
3.983570337295532227e-01
-4.726916551589965820e-03
9.361649304628372192e-02
3.191163539886474609e-01
-5.396551489830017090e-01
-4.097347557544708252e-01
7.184805870056152344e-01
-1.037366986274719238e+00
1.874742954969406128e-01
-1.024407386779785156e+00
7.797625660896301270e-01
9.941803663969039917e-02
6.998032331466674805e-01
-3.544821590185165405e-02
-1.002267360687255859e+00
8.861848115921020508e-01
-9.715909957885742188e-01
1.337454020977020264e-01
9.488295912742614746e-01
