-1.809034824371337891e+00
-1.823644787073135376e-01
3.157494366168975830e-01
-1.066100969910621643e-01
-1.125524401664733887e+00
6.187831759452819824e-01
6.438273191452026367e-01
-1.908896327018737793e+00
-1.805959582328796387e+00
1.154216378927230835e-01
1.204115867614746094e+00
-1.046730518341064453e+00
-1.423477649688720703e+00
1.972071409225463867e+00
-1.523116469383239746e+00
-1.672341465950012207e+00
-1.770503759384155273e+00
1.015486955642700195e+00
-2.320728898048400879e-01
-1.057212114334106445e+00
1.314780712127685547e+00
1.177313804626464844e+00
3.773883581161499023e-01
1.253984212875366211e+00
-5.889394283294677734e-01
-1.973638892173767090e+00
1.339387416839599609e+00
1.417256116867065430e+00
-1.858979582786560059e+00
7.273930907249450684e-01
