1.604861140251159668e+00
2.764404296875000000e+00
-2.653784513473510742e+00
3.145731613039970398e-02
-3.276395797729492188e+00
2.916402339935302734e+00
-3.057049989700317383e+00
-3.243138313293457031e+00
1.760066986083984375e+00
9.152804017066955566e-01
2.321222305297851562e+00
-3.327527999877929688e+00
7.405402064323425293e-01
-1.566655516624450684e+00
-2.446509599685668945e+00
1.297659516334533691e+00
-1.782512187957763672e+00
-1.183132529258728027e+00
7.428405880928039551e-01
-1.394351124763488770e+00
-2.694154977798461914e+00
2.009399890899658203e+00
1.186071038246154785e+00
4.273608326911926270e-01
-1.663188099861145020e+00
-3.110380172729492188e+00
-2.643523693084716797e+00
2.856621742248535156e+00
-1.690626382827758789e+00
3.323661088943481445e+00
