-2.918858051300048828e+00
-3.439990758895874023e+00
3.283691883087158203e+00
3.331861019134521484e+00
2.103630304336547852e+00
-3.819369077682495117e+00
-2.801099538803100586e+00
3.262479543685913086e+00
3.257419347763061523e+00
1.411889046430587769e-01
2.610923290252685547e+00
-3.690522432327270508e+00
3.651435136795043945e+00
3.821820735931396484e+00
3.862337112426757812e+00
1.438044309616088867e+00
-7.314144968986511230e-01
3.513160228729248047e+00
3.560400009155273438e+00
-3.045654296875000000e-01
2.640673637390136719e+00
-4.616896510124206543e-01
3.625701963901519775e-01
-1.568755865097045898e+00
4.203455150127410889e-01
2.001147270202636719e+00
3.106485366821289062e+00
-2.383039891719818115e-01
9.572063386440277100e-02
-1.406132936477661133e+00
